Hawaii Ocean Time-series : 13-Sep-2023 00:42:05
https://hahana.soest.hawaii.edu/hot/hot-dogs/bextraction.html

botid, date, time, press, d12, 
#, mmddyy, hhmmss, dbar, mg C/m3, 
0080210008, 072989, -00009,    5.0,  0.320,
0080210007, 072989, -00009,   25.0,  0.230,
0080210005, 072989, -00009,   75.0,  0.160,
0080210004, 072989, -00009,  100.0,  0.170,
0080210003, 072989, -00009,  125.0,  0.090,
0080210002, 072989, -00009,  150.0,  0.100,
0100210008, 092289, -00009,    2.0,  0.450,
0100210007, 092289, -00009,   10.0,  0.330,
0100210006, 092289, -00009,   45.0,  0.380,
0100210005, 092289, -00009,   75.0,  0.220,
0100210004, 092289, -00009,  100.0,  0.130,
0100210003, 092289, -00009,  125.0,  0.130,
0100210002, 092289, -00009,  150.0,  0.130,
0110210008, 101889, -00009,    5.0,  0.250,
0110210007, 101889, -00009,   20.0,  0.310,
0110210006, 101889, -00009,   45.0,  0.240,
0110210005, 101889, -00009,   80.0,  0.130,
0110210004, 101889, -00009,  100.0,  0.100,
0110210003, 101889, -00009,  120.0,  0.100,
0120210008, 112889, -00009,    2.0,  0.180,
0120210007, 112889, -00009,   10.0,  0.180,
0120210006, 112889, -00009,   20.0,  0.190,
0120210005, 112889, -00009,   45.0,  0.180,
0120210004, 112889, -00009,   65.0,  0.160,
0120210003, 112889, -00009,   95.0,  0.080,
0120210002, 112889, -00009,  110.0,  0.090,
0120210001, 112889, -00009,  140.0,  0.080,
0130210005, 010590, -00009,   80.0,  0.130,
0130210004, 010590, -00009,   95.0,  0.130,
0130210003, 010590, -00009,  120.0,  0.110,
0130210002, 010590, -00009,  145.0,  0.110,
0140210008, 021590, -00009,    4.0,  0.090,
0140210007, 021590, -00009,   10.0,  0.200,
0140210006, 021590, -00009,   30.0,  0.230,
0140210005, 021590, -00009,   70.0,  0.160,
0140210002, 021590, -00009,  135.0,  0.170,
0160210008, 041390, -00009,    2.0,  0.480,
0160210007, 041390, -00009,   10.0,  0.130,
0160210006, 041390, -00009,   40.0,  0.180,
0160210005, 041390, -00009,   80.0,  0.130,
0160210004, 041390, -00009,   95.0,  0.130,
0160210003, 041390, -00009,  120.0,  0.120,
0160210002, 041390, -00009,  145.0,  0.040,
0170210008, 050990, -00009,    5.0,  0.100,
0170210007, 050990, -00009,   25.0,  0.130,
0170210005, 050990, -00009,   75.0,  0.140,
0170210004, 050990, -00009,  100.0,  0.080,
0170210003, 050990, -00009,  125.0,  0.030,
0170210002, 050990, -00009,  150.0,  0.030,
0180210008, 061390, -00009,    5.0,  0.197,
0180210007, 061390, -00009,   25.0,  0.240,
0180210006, 061390, -00009,   45.0,  0.200,
0180210005, 061390, -00009,   75.0,  0.183,
0180210004, 061390, -00009,  100.0,  0.123,
0180210003, 061390, -00009,  125.0,  0.083,
0180210002, 061390, -00009,  150.0,  0.057,
0190210008, 072590, -00009,    5.0,  0.207,
0190210007, 072590, -00009,   25.0,  0.160,
0190210006, 072590, -00009,   45.0,  0.170,
0190210005, 072590, -00009,   75.0,  0.177,
0190210004, 072590, -00009,  100.0,  0.113,
0190210003, 072590, -00009,  125.0,  0.070,
0190210002, 072590, -00009,  150.0,  0.073,
0220210008, 121890, -00009,    5.0,  0.137,
0220210007, 121890, -00009,   25.0,  0.143,
0220210006, 121890, -00009,   45.0,  0.143,
0220210005, 121890, -00009,   75.0,  0.153,
0220210004, 121890, -00009,  100.0,  0.077,
0220210003, 121890, -00009,  125.0,  0.073,
0220210002, 121890, -00009,  150.0,  0.063,
0230210008, 020491, -00009,    5.0,  0.083,
0230210007, 020491, -00009,   25.0,  0.073,
0230210005, 020491, -00009,   75.0,  0.073,
0230210004, 020491, -00009,  100.0,  0.050,
0230210003, 020491, -00009,  125.0,  0.033,
0230210002, 020491, -00009,  150.0,  0.027,
0250210008, 041091, -00009,    5.0,  0.097,
0250210007, 041091, -00009,   25.0,  0.107,
0250210006, 041091, -00009,   45.0,  0.133,
0250210005, 041091, -00009,   75.0,  0.143,
0250210004, 041091, -00009,  100.0,  0.080,
0250210003, 041091, -00009,  125.0,  0.057,
0250210002, 041091, -00009,  150.0,  0.040,
0260210008, 050891, -00009,    5.0,  0.137,
0260210007, 050891, -00009,   25.0,  0.197,
0260210006, 050891, -00009,   45.0,  0.160,
0260210005, 050891, -00009,   75.0,  0.110,
0260210004, 050891, -00009,  100.0,  0.073,
0260210003, 050891, -00009,  125.0,  0.050,
0260210002, 050891, -00009,  150.0,  0.050,
0270210008, 060591, -00009,    5.0,  0.203,
0270210007, 060591, -00009,   25.0,  0.123,
0270210006, 060591, -00009,   45.0,  0.103,
0270210005, 060591, -00009,   75.0,  0.110,
0270210004, 060591, -00009,  100.0,  0.117,
0270210003, 060591, -00009,  125.0,  0.053,
0270210002, 060591, -00009,  150.0,  0.057,
0280210008, 071091, -00009,    5.0,  0.097,
0280210007, 071091, -00009,   25.0,  0.127,
0280210006, 071091, -00009,   45.0,  0.157,
0280210005, 071091, -00009,   75.0,  0.137,
0280210004, 071091, -00009,  100.0,  0.090,
0280210003, 071091, -00009,  125.0,  0.033,
0280210002, 071091, -00009,  150.0,  0.023,
0290210008, 081091, -00009,    5.0,  0.147,
0290210007, 081091, -00009,   25.0,  0.097,
0290210006, 081091, -00009,   45.0,  0.140,
0290210005, 081091, -00009,   75.0,  0.130,
0290210004, 081091, -00009,  100.0,  0.080,
0290210003, 081091, -00009,  125.0,  0.040,
0300210008, 091891, -00009,    5.0,  0.183,
0300210007, 091891, -00009,   25.0,  0.177,
0300210006, 091891, -00009,   45.0,  0.173,
0300210005, 091891, -00009,   75.0,  0.137,
0300210004, 091891, -00009,  100.0,  0.047,
0300210003, 091891, -00009,  125.0,  0.060,
0300210002, 091891, -00009,  150.0,  0.047,
0310210008, 102191, -00009,    5.0,  0.160,
0310210007, 102191, -00009,   25.0,  0.130,
0310210006, 102191, -00009,   45.0,  0.187,
0310210005, 102191, -00009,   75.0,  0.107,
0310210004, 102191, -00009,  100.0,  0.060,
0310210003, 102191, -00009,  125.0,  0.030,
0310210002, 102191, -00009,  150.0,  0.030,
0320210008, 120691, -00009,    5.0,  0.107,
0320210007, 120691, -00009,   25.0,  0.110,
0320210006, 120691, -00009,   45.0,  0.107,
0320210005, 120691, -00009,   75.0,  0.070,
0320210004, 120691, -00009,  100.0,  0.043,
0320210003, 120691, -00009,  125.0,  0.037,
0320210002, 120691, -00009,  150.0,  0.030,
0330210008, 010592, -00009,    5.0,  0.130,
0330210007, 010592, -00009,   25.0,  0.130,
0330210006, 010592, -00009,   45.0,  0.080,
0330210005, 010592, -00009,   75.0,  0.077,
0330210004, 010592, -00009,  100.0,  0.087,
0330210003, 010592, -00009,  125.0,  0.067,
0330210002, 010592, -00009,  150.0,  0.050,
0340210008, 021492, -00009,    5.0,  0.073,
0340210007, 021492, -00009,   25.0,  0.073,
0340210006, 021492, -00009,   45.0,  0.077,
0340210005, 021492, -00009,   75.0,  0.073,
0340210004, 021492, -00009,  100.0,  0.060,
0340210003, 021492, -00009,  125.0,  0.070,
0340210002, 021492, -00009,  150.0,  0.053,
0350210008, 030592, -00009,    5.0,  0.067,
0350210007, 030592, -00009,   25.0,  0.097,
0350210006, 030592, -00009,   45.0,  0.147,
0350210005, 030592, -00009,   75.0,  0.123,
0350210004, 030592, -00009,  100.0,  0.057,
0350210003, 030592, -00009,  125.0,  0.060,
0350210002, 030592, -00009,  150.0,  0.030,
0360210008, 041792, -00009,    5.0,  0.097,
0360210007, 041792, -00009,   25.0,  0.093,
0360210006, 041792, -00009,   45.0,  0.083,
0360210005, 041792, -00009,   75.0,  0.103,
0360210004, 041792, -00009,  100.0,  0.090,
0360210003, 041792, -00009,  125.0,  0.043,
0360210002, 041792, -00009,  150.0,  0.030,
0370210008, 060992, -00009,    5.0,  0.107,
0370210007, 060992, -00009,   25.0,  0.163,
0370210006, 060992, -00009,   45.0,  0.135,
0370210005, 060992, -00009,   75.0,  0.140,
0370210004, 060992, -00009,  100.0,  0.130,
0370210003, 060992, -00009,  125.0,  0.093,
0370210002, 060992, -00009,  150.0,  0.060,
0380210008, 070592, -00009,    5.0,  0.100,
0380210007, 070592, -00009,   25.0,  0.133,
0380210006, 070592, -00009,   45.0,  0.085,
0380210005, 070592, -00009,   75.0,  0.087,
0380210004, 070592, -00009,  100.0,  0.043,
0380210003, 070592, -00009,  125.0,  0.043,
0380210002, 070592, -00009,  150.0,  0.030,
0390210008, 080592, -00009,    5.0,  0.133,
0390210007, 080592, -00009,   25.0,  0.127,
0390210006, 080592, -00009,   45.0,  0.163,
0390210005, 080592, -00009,   75.0,  0.150,
0390210004, 080592, -00009,  100.0,  0.063,
0390210003, 080592, -00009,  125.0,  0.043,
0390210002, 080592, -00009,  150.0,  0.040,
0400210008, 092292, -00009,    5.0,  0.163,
0400210007, 092292, -00009,   25.0,  0.153,
0400210006, 092292, -00009,   45.0,  0.197,
0400210005, 092292, -00009,   75.0,  0.177,
0400210004, 092292, -00009,  100.0,  0.073,
0400210003, 092292, -00009,  125.0,  0.053,
0400210002, 092292, -00009,  150.0,  0.047,
0410210008, 101992, -00009,    5.0,  0.220,
0410210007, 101992, -00009,   25.0,  0.413,
0410210006, 101992, -00009,   45.0,  0.137,
0410210005, 101992, -00009,   75.0,  0.053,
0410210004, 101992, -00009,  100.0,  0.047,
0410210002, 101992, -00009,  150.0,  0.037,
0440210008, 012093, -00009,    5.0,  0.180,
0440210007, 012093, -00009,   25.0,  0.327,
0440210006, 012093, -00009,   45.0,  0.130,
0440210005, 012093, -00009,   75.0,  0.237,
0440210004, 012093, -00009,  100.0,  0.050,
0440210003, 012093, -00009,  125.0,  0.137,
0440210002, 012093, -00009,  150.0,  0.047,
0450210008, 021793, -00009,    5.0,  0.137,
0450210007, 021793, -00009,   25.0,  0.217,
0450210006, 021793, -00009,   45.0,  0.100,
0450210005, 021793, -00009,   75.0,  0.137,
0450210004, 021793, -00009,  100.0,  0.063,
0450210003, 021793, -00009,  125.0,  0.057,
0450210002, 021793, -00009,  150.0,  0.033,
0460210008, 041593, -00009,    5.0,  0.157,
0460210007, 041593, -00009,   25.0,  0.223,
0460210006, 041593, -00009,   45.0,  0.117,
0460210005, 041593, -00009,   75.0,  0.160,
0460210004, 041593, -00009,  100.0,  0.120,
0460210003, 041593, -00009,  125.0,  0.153,
0460210002, 041593, -00009,  150.0,  0.227,
0470210008, 052093, -00009,    5.0,  0.233,
0470210007, 052093, -00009,   25.0,  0.280,
0470210006, 052093, -00009,   45.0,  0.123,
0470210005, 052093, -00009,   75.0,  0.180,
0470210004, 052093, -00009,  100.0,  0.133,
0470210003, 052093, -00009,  125.0,  0.130,
0470210002, 052093, -00009,  150.0,  0.083,
0490210008, 091493, -00009,    5.0,  0.207,
0490210007, 091493, -00009,   25.0,  0.243,
0490210006, 091493, -00009,   45.0,  0.147,
0490210005, 091493, -00009,   75.0,  0.137,
0490210004, 091493, -00009,  100.0,  0.113,
0490210003, 091493, -00009,  125.0,  0.100,
0490210002, 091493, -00009,  150.0,  0.140,
0500210008, 102993, -00009,    5.0,  0.207,
0500210007, 102993, -00009,   25.0,  0.340,
0500210006, 102993, -00009,   45.0,  0.100,
0500210005, 102993, -00009,   75.0,  0.147,
0500210004, 102993, -00009,  100.0,  0.043,
0500210003, 102993, -00009,  125.0,  0.067,
0500210002, 102993, -00009,  150.0,  0.087,
0510210008, 012094, -00009,    5.0,  0.123,
0510210007, 012094, -00009,   25.0,  0.123,
0510210006, 012094, -00009,   45.0,  0.073,
0510210005, 012094, -00009,   75.0,  0.093,
0510210004, 012094, -00009,  100.0,  0.050,
0510210003, 012094, -00009,  125.0,  0.103,
0510210002, 012094, -00009,  150.0,  0.110,
0520210008, 021794, -00009,    5.0,  0.103,
0520210007, 021794, -00009,   25.0,  0.170,
0520210006, 021794, -00009,   45.0,  0.063,
0520210005, 021794, -00009,   75.0,  0.057,
0520210004, 021794, -00009,  100.0,  0.053,
0520210003, 021794, -00009,  125.0,  0.050,
0520210002, 021794, -00009,  150.0,  0.063,
0530210008, 030994, -00009,    5.0,  0.110,
0530210007, 030994, -00009,   25.0,  0.133,
0530210006, 030994, -00009,   45.0,  0.103,
0530210005, 030994, -00009,   75.0,  0.130,
0530210004, 030994, -00009,  100.0,  0.103,
0530210003, 030994, -00009,  125.0,  0.073,
0530210002, 030994, -00009,  150.0,  0.070,
0540210008, 061994, -00009,    5.0,  0.083,
0540210007, 061994, -00009,   25.0,  0.117,
0540210006, 061994, -00009,   45.0,  0.077,
0540210005, 061994, -00009,   75.0,  0.107,
0540210004, 061994, -00009,  100.0,  0.080,
0540210003, 061994, -00009,  125.0,  0.070,
0540210002, 061994, -00009,  150.0,  0.067,
0550210007, 072594, -00009,   25.0,  0.163,
0550210006, 072594, -00009,   45.0,  0.123,
0550210005, 072594, -00009,   75.0,  0.057,
0550210004, 072594, -00009,  100.0,  0.077,
0550210003, 072594, -00009,  125.0,  0.073,
0550210002, 072594, -00009,  150.0,  0.050,
0560210008, 083094, -00009,    5.0,  0.270,
0560210007, 083094, -00009,   25.0,  0.177,
0560210006, 083094, -00009,   45.0,  0.203,
0560210005, 083094, -00009,   75.0,  0.150,
0560210004, 083094, -00009,  100.0,  0.070,
0560210003, 083094, -00009,  125.0,  0.070,
0560210002, 083094, -00009,  150.0,  0.050,
0570210008, 092394, -00009,    5.0,  0.313,
0570210007, 092394, -00009,   25.0,  0.223,
0570210006, 092394, -00009,   45.0,  0.250,
0570210005, 092394, -00009,   75.0,  0.237,
0570210004, 092394, -00009,  100.0,  0.103,
0570210003, 092394, -00009,  125.0,  0.083,
0570210002, 092394, -00009,  150.0,  0.057,
0580210008, 101594, -00009,    5.0,  0.180,
0580210007, 101594, -00009,   25.0,  0.103,
0580210006, 101594, -00009,   45.0,  0.100,
0580210005, 101594, -00009,   75.0,  0.097,
0580210004, 101594, -00009,  100.0,  0.070,
0580210003, 101594, -00009,  125.0,  0.040,
0580210002, 101594, -00009,  150.0,  0.040,
0600210008, 020795, -00009,    5.0,  0.300,
0600210007, 020795, -00009,   25.0,  0.213,
0600210006, 020795, -00009,   45.0,  0.190,
0600210005, 020795, -00009,   75.0,  0.163,
0600210004, 020795, -00009,  100.0,  0.157,
0600210003, 020795, -00009,  125.0,  0.117,
0600210002, 020795, -00009,  150.0,  0.083,
0610210008, 030495, -00009,    5.0,  0.283,
0610210007, 030495, -00009,   25.0,  0.243,
0610210006, 030495, -00009,   45.0,  0.257,
0610210005, 030495, -00009,   75.0,  0.203,
0610210004, 030495, -00009,  100.0,  0.137,
0610210003, 030495, -00009,  125.0,  0.067,
0610210002, 030495, -00009,  150.0,  0.060,
0620210008, 040695, -00009,    5.0,  0.323,
0620210007, 040695, -00009,   25.0,  0.203,
0620210006, 040695, -00009,   45.0,  0.193,
0620210005, 040695, -00009,   75.0,  0.137,
0620210004, 040695, -00009,  100.0,  0.110,
0620210003, 040695, -00009,  125.0,  0.090,
0620210002, 040695, -00009,  150.0,  0.063,
0630210008, 050795, -00009,    5.0,  0.383,
0630210007, 050795, -00009,   25.0,  0.293,
0630210006, 050795, -00009,   45.0,  0.333,
0630210005, 050795, -00009,   75.0,  0.197,
0630210004, 050795, -00009,  100.0,  0.185,
0630210003, 050795, -00009,  125.0,  0.127,
0630210002, 050795, -00009,  150.0,  0.137,
0640210008, 073095, -00009,    5.0,  0.530,
0640210007, 073095, -00009,   25.0,  0.380,
0640210006, 073095, -00009,   45.0,  0.307,
0640210005, 073095, -00009,   75.0,  0.220,
0640210004, 073095, -00009,  100.0,  0.153,
0640210003, 073095, -00009,  125.0,  0.120,
0640210002, 073095, -00009,  150.0,  0.110,
0650210008, 082995, -00009,    5.0,  0.270,
0650210007, 082995, -00009,   25.0,  0.210,
0650210006, 082995, -00009,   45.0,  0.370,
0650210004, 082995, -00009,  100.0,  0.073,
0650210003, 082995, -00009,  125.0,  0.040,
0650210002, 082995, -00009,  150.0,  0.037,
0660210008, 092795, -00009,    5.0,  0.495,
0660210007, 092795, -00009,   25.0,  0.320,
0660210006, 092795, -00009,   45.0,  0.243,
0660210005, 092795, -00009,   75.0,  0.093,
0660210004, 092795, -00009,  100.0,  0.055,
0660210003, 092795, -00009,  125.0,  0.053,
0660210002, 092795, -00009,  150.0,  0.095,
0670210008, 102795, -00009,    5.0,  0.225,
0670210007, 102795, -00009,   25.0,  0.177,
0670210005, 102795, -00009,   75.0,  0.190,
0670210004, 102795, -00009,  100.0,  0.085,
0670210003, 102795, -00009,  125.0,  0.113,
0670210002, 102795, -00009,  150.0,  0.077,
0680210008, 111795, -00009,    5.0,  0.243,
0680210007, 111795, -00009,   25.0,  0.210,
0680210006, 111795, -00009,   45.0,  0.365,
0680210005, 111795, -00009,   75.0,  0.157,
0680210002, 111795, -00009,  150.0,  0.063,
0690210008, 011796, -00009,    5.0,  0.150,
0690210007, 011796, -00009,   25.0,  0.183,
0690210006, 011796, -00009,   45.0,  0.170,
0690210005, 011796, -00009,   75.0,  0.127,
0690210004, 011796, -00009,  100.0,  0.107,
0690210003, 011796, -00009,  125.0,  0.033,
0690210002, 011796, -00009,  150.0,  0.043,
0700210008, 032796, -00009,    5.0,  0.163,
0700210007, 032796, -00009,   25.0,  0.167,
0700210006, 032796, -00009,   45.0,  0.460,
0700210005, 032796, -00009,   75.0,  0.137,
0700210004, 032796, -00009,  100.0,  0.100,
0700210003, 032796, -00009,  125.0,  0.050,
0700210002, 032796, -00009,  150.0,  0.053,
0710210008, 042496, -00009,    5.0,  0.297,
0710210007, 042496, -00009,   25.0,  0.247,
0710210006, 042496, -00009,   45.0,  0.403,
0710210005, 042496, -00009,   75.0,  0.317,
0710210004, 042496, -00009,  100.0,  0.277,
0710210003, 042496, -00009,  125.0,  0.130,
0720210008, 052296, -00009,    5.0,  0.177,
0720210007, 052296, -00009,   25.0,  0.227,
0720210006, 052296, -00009,   45.0,  0.263,
0720210005, 052296, -00009,   75.0,  0.227,
0720210004, 052296, -00009,  100.0,  0.147,
0720210003, 052296, -00009,  125.0,  0.150,
0720210002, 052296, -00009,  150.0,  0.167,
0730210008, 062696, -00009,    5.0,  0.200,
0730210007, 062696, -00009,   25.0,  0.247,
0730210006, 062696, -00009,   45.0,  0.270,
0730210005, 062696, -00009,   75.0,  0.133,
0730210004, 062696, -00009,  100.0,  0.140,
0730210003, 062696, -00009,  125.0,  0.070,
0730210002, 062696, -00009,  150.0,  0.153,
0740210008, 072796, -00009,    5.0,  0.190,
0740210007, 072796, -00009,   25.0,  0.217,
0740210006, 072796, -00009,   45.0,  0.313,
0740210005, 072796, -00009,   75.0,  0.150,
0740210004, 072796, -00009,  100.0,  0.080,
0740210003, 072796, -00009,  125.0,  0.050,
0740210002, 072796, -00009,  150.0,  0.083,
0750210008, 082196, -00009,    5.0,  0.197,
0750210007, 082196, -00009,   25.0,  0.200,
0750210006, 082196, -00009,   45.0,  0.310,
0750210005, 082196, -00009,   75.0,  0.180,
0750210004, 082196, -00009,  100.0,  0.103,
0750210003, 082196, -00009,  125.0,  0.053,
0750210002, 082196, -00009,  150.0,  0.087,
0760210008, 100296, -00009,    5.0,  0.267,
0760210007, 100296, -00009,   25.0,  0.200,
0760210006, 100296, -00009,   45.0,  0.333,
0760210005, 100296, -00009,   75.0,  0.097,
0760210003, 100296, -00009,  125.0,  0.070,
0760210002, 100296, -00009,  150.0,  0.100,
0770210008, 103096, -00009,    5.0,  0.223,
0770210007, 103096, -00009,   25.0,  0.217,
0770210006, 103096, -00009,   45.0,  0.210,
0770210005, 103096, -00009,   75.0,  0.097,
0770210004, 103096, -00009,  100.0,  0.063,
0770210003, 103096, -00009,  125.0,  0.060,
0770210002, 103096, -00009,  150.0,  0.053,
0780210008, 121196, -00009,    5.0,  0.163,
0780210007, 121196, -00009,   25.0,  0.163,
0780210006, 121196, -00009,   45.0,  0.240,
0780210005, 121196, -00009,   75.0,  0.130,
0780210004, 121196, -00009,  100.0,  0.077,
0780210003, 121196, -00009,  125.0,  0.080,
0780210002, 121196, -00009,  150.0,  0.110,
0790210008, 010897, -00009,    5.0,  0.173,
0790210007, 010897, -00009,   25.0,  0.183,
0790210006, 010897, -00009,   45.0,  0.250,
0790210005, 010897, -00009,   75.0,  0.140,
0790210004, 010897, -00009,  100.0,  0.137,
0790210003, 010897, -00009,  125.0,  0.080,
0790210002, 010897, -00009,  150.0,  0.123,
0800210008, 021897, -00009,    5.0,  0.147,
0800210007, 021897, -00009,   25.0,  0.190,
0800210006, 021897, -00009,   45.0,  0.203,
0800210005, 021897, -00009,   75.0,  0.250,
0800210004, 021897, -00009,  100.0,  0.187,
0800210003, 021897, -00009,  125.0,  0.147,
0810210008, 031297, -00009,    5.0,  0.120,
0810210007, 031297, -00009,   25.0,  0.153,
0810210006, 031297, -00009,   45.0,  0.183,
0810210005, 031297, -00009,   75.0,  0.097,
0810210004, 031297, -00009,  100.0,  0.087,
0810210003, 031297, -00009,  125.0,  0.087,
0810210002, 031297, -00009,  150.0,  0.057,
0820210008, 040997, -00009,    5.0,  0.110,
0820210007, 040997, -00009,   25.0,  0.237,
0820210006, 040997, -00009,   45.0,  0.207,
0820210005, 040997, -00009,   75.0,  0.080,
0820210004, 040997, -00009,  100.0,  0.080,
0820210003, 040997, -00009,  125.0,  0.040,
0820210002, 040997, -00009,  150.0,  0.060,
0830210008, 050797, -00009,    5.0,  0.090,
0830210007, 050797, -00009,   25.0,  0.137,
0830210006, 050797, -00009,   45.0,  0.195,
0830210005, 050797, -00009,   75.0,  0.077,
0830210004, 050797, -00009,  100.0,  0.130,
0830210003, 050797, -00009,  125.0,  0.090,
0840210008, 060497, -00009,    5.0,  0.183,
0840210007, 060497, -00009,   25.0,  0.217,
0840210006, 060497, -00009,   45.0,  0.227,
0840210005, 060497, -00009,   75.0,  0.190,
0840210004, 060497, -00009,  100.0,  0.103,
0840210003, 060497, -00009,  125.0,  0.087,
0840210002, 060497, -00009,  150.0,  0.083,
0850210008, 070997, -00009,    5.0,  0.230,
0850210007, 070997, -00009,   25.0,  0.190,
0850210006, 070997, -00009,   45.0,  0.150,
0850210005, 070997, -00009,   75.0,  0.150,
0850210004, 070997, -00009,  100.0,  0.060,
0850210003, 070997, -00009,  125.0,  0.080,
0850210002, 070997, -00009,  150.0,  0.030,
0860210008, 080297, -00009,    5.0,  0.190,
0860210007, 080297, -00009,   25.0,  0.193,
0860210006, 080297, -00009,   45.0,  0.227,
0860210005, 080297, -00009,   75.0,  0.223,
0860210004, 080297, -00009,  100.0,  0.123,
0860210003, 080297, -00009,  125.0,  0.053,
0860210002, 080297, -00009,  150.0,  0.037,
0870210008, 092597, -00009,    5.0,  0.263,
0870210007, 092597, -00009,   25.0,  0.253,
0870210006, 092597, -00009,   45.0,  0.333,
0870210005, 092597, -00009,   75.0,  0.230,
0870210004, 092597, -00009,  100.0,  0.240,
0870210003, 092597, -00009,  125.0,  0.070,
0870210002, 092597, -00009,  150.0,  0.080,
0890210008, 011198, -00009,    5.0,  0.150,
0890210007, 011198, -00009,   25.0,  0.150,
0890210006, 011198, -00009,   45.0,  0.147,
0890210005, 011198, -00009,   75.0,  0.070,
0890210004, 011198, -00009,  100.0,  0.057,
0890210003, 011198, -00009,  125.0,  0.037,
0890210002, 011198, -00009,  150.0,  0.040,
0900210008, 021998, -00009,    5.0,  0.133,
0900210007, 021998, -00009,   25.0,  0.147,
0900210006, 021998, -00009,   45.0,  0.133,
0900210005, 021998, -00009,   75.0,  0.140,
0900210004, 021998, -00009,  100.0,  0.073,
0900210003, 021998, -00009,  125.0,  0.070,
0910210008, 031898, -00009,    5.0,  0.120,
0910210007, 031898, -00009,   25.0,  0.190,
0910210006, 031898, -00009,   45.0,  0.200,
0910210005, 031898, -00009,   75.0,  0.100,
0910210004, 031898, -00009,  100.0,  0.070,
0910210003, 031898, -00009,  125.0,  0.070,
0910210002, 031898, -00009,  150.0,  0.067,
0920210008, 041598, -00009,    5.0,  0.160,
0920210007, 041598, -00009,   25.0,  0.153,
0920210006, 041598, -00009,   45.0,  0.187,
0920210005, 041598, -00009,   75.0,  0.150,
0920210004, 041598, -00009,  100.0,  0.087,
0920210003, 041598, -00009,  125.0,  0.095,
0920210002, 041598, -00009,  150.0,  0.087,
0930210008, 051398, -00009,    5.0,  0.117,
0930210007, 051398, -00009,   25.0,  0.160,
0930210006, 051398, -00009,   45.0,  0.177,
0930210005, 051398, -00009,   75.0,  0.115,
0930210004, 051398, -00009,  100.0,  0.093,
0930210003, 051398, -00009,  125.0,  0.140,
0930210002, 051398, -00009,  150.0,  0.100,
0940210008, 061798, -00009,    5.0,  0.203,
0940210007, 061798, -00009,   25.0,  0.193,
0940210006, 061798, -00009,   45.0,  0.205,
0940210005, 061798, -00009,   75.0,  0.180,
0940210004, 061798, -00009,  100.0,  0.103,
0940210003, 061798, -00009,  125.0,  0.067,
0940210002, 061798, -00009,  150.0,  0.067,
0950210008, 071598, -00009,    5.0,  0.170,
0950210007, 071598, -00009,   25.0,  0.180,
0950210006, 071598, -00009,   45.0,  0.137,
0950210005, 071598, -00009,   75.0,  0.117,
0950210004, 071598, -00009,  100.0,  0.057,
0950210003, 071598, -00009,  125.0,  0.040,
0950210002, 071598, -00009,  150.0,  0.033,
0960210008, 081098, -00009,    5.0,  0.267,
0960210007, 081098, -00009,   25.0,  0.273,
0960210006, 081098, -00009,   45.0,  0.180,
0960210005, 081098, -00009,   75.0,  0.125,
0960210004, 081098, -00009,  100.0,  0.090,
0960210003, 081098, -00009,  125.0,  0.083,
0960210002, 081098, -00009,  150.0,  0.100,
0970200410, 092898, 105103,    4.9,  0.135,
0970200409, 092898, 104942,   25.1,  0.155,
0970200408, 092898, 104838,   45.5,  0.190,
0970200407, 092898, 104717,   74.5,  0.195,
0970200406, 092898, 104603,  100.4,  0.105,
0970200405, 092898, 104443,  124.9,  0.130,
0970210008, 092898, -00009,    5.0,  0.160,
0970210007, 092898, -00009,   25.0,  0.215,
0970210006, 092898, -00009,   45.0,  0.215,
0970210005, 092898, -00009,   75.0,  0.230,
0970210004, 092898, -00009,  100.0,  0.120,
0970210003, 092898, -00009,  125.0,  0.120,
0970210002, 092898, -00009,  150.0,  0.055,
0980200712, 101998, 105751,    5.7,  0.090,
0980200711, 101998, 105634,   25.1,  0.095,
0980200710, 101998, 105522,   45.5,  0.110,
0980200709, 101998, 105351,   75.4,  0.110,
0980200708, 101998, 105231,  100.3,  0.050,
0980200707, 101998, 105121,  125.4,  0.055,
0980200706, 101998, 105003,  150.0,  0.050,
0980210008, 101998, -00009,    5.0,  0.150,
0980210007, 101998, -00009,   25.0,  0.180,
0980210006, 101998, -00009,   45.0,  0.155,
0980210005, 101998, -00009,   75.0,  0.130,
0980210004, 101998, -00009,  100.0,  0.045,
0980210003, 101998, -00009,  125.0,  0.060,
0980210002, 101998, -00009,  150.0,  0.040,
0990200810, 111198, 125241,    5.0,  0.075,
0990200809, 111198, 125045,   24.6,  0.160,
0990200808, 111198, 124930,   43.9,  0.080,
0990200807, 111198, 124745,   75.2,  0.080,
0990200806, 111198, 124615,  100.2,  0.050,
0990200805, 111198, 124448,  125.1,  0.040,
0990200804, 111198, 124320,  149.7,  0.040,
0990210008, 111198, -00009,    5.0,  0.070,
0990210007, 111198, -00009,   25.0,  0.070,
0990210006, 111198, -00009,   45.0,  0.065,
0990210005, 111198, -00009,   75.0,  0.080,
0990210004, 111198, -00009,  100.0,  0.055,
0990210003, 111198, -00009,  125.0,  0.045,
0990210002, 111198, -00009,  150.0,  0.030,
1000200711, 120998, 114932,    5.2,  0.120,
1000200710, 120998, 114817,   25.5,  0.140,
1000200709, 120998, 114707,   46.6,  0.110,
1000200708, 120998, 114547,   74.9,  0.045,
1000200707, 120998, 114428,  100.1,  0.100,
1000200706, 120998, 114312,  126.5,  0.030,
1000210008, 120998, -00009,    5.0,  0.060,
1000210007, 120998, -00009,   25.0,  0.060,
1000210006, 120998, -00009,   45.0,  0.075,
1000210005, 120998, -00009,   75.0,  0.055,
1000210004, 120998, -00009,  100.0,  0.035,
1000210003, 120998, -00009,  125.0,  0.025,
1010200721, 011399, 130114,    4.4,  0.070,
1010200720, 011399, 125947,   25.7,  0.080,
1010200718, 011399, 125757,   46.2,  0.080,
1010200716, 011399, 125547,   75.9,  0.070,
1010200714, 011399, 125407,  100.6,  0.060,
1010200712, 011399, 125147,  125.4,  0.045,
1010210008, 011399, -00009,    5.0,  0.125,
1010210007, 011399, -00009,   25.0,  0.120,
1010210006, 011399, -00009,   45.0,  0.115,
1010210005, 011399, -00009,   75.0,  0.100,
1010210004, 011399, -00009,  100.0,  0.130,
1010210003, 011399, -00009,  125.0,  0.055,
1010210002, 011399, -00009,  150.0,  0.045,
1020210008, 021899, -00009,    5.0,  0.110,
1020210007, 021899, -00009,   25.0,  0.195,
1020210006, 021899, -00009,   45.0,  0.150,
1020210005, 021899, -00009,   75.0,  0.060,
1020210004, 021899, -00009,  100.0,  0.060,
1020210003, 021899, -00009,  125.0,  0.040,
1020210002, 021899, -00009,  150.0,  0.065,
1030210008, 031799, -00009,    5.0,  0.120,
1030210007, 031799, -00009,   25.0,  0.150,
1030210006, 031799, -00009,   45.0,  0.177,
1030210005, 031799, -00009,   75.0,  0.135,
1030210004, 031799, -00009,  100.0,  0.090,
1030210003, 031799, -00009,  125.0,  0.047,
1030210002, 031799, -00009,  150.0,  0.057,
1040210008, 041499, -00009,    5.0,  0.147,
1040210007, 041499, -00009,   25.0,  0.137,
1040210006, 041499, -00009,   45.0,  0.167,
1040210005, 041499, -00009,   75.0,  0.090,
1040210004, 041499, -00009,  100.0,  0.110,
1040210003, 041499, -00009,  125.0,  0.070,
1040210002, 041499, -00009,  150.0,  0.063,
1050210008, 051099, -00009,    5.0,  0.140,
1050210007, 051099, -00009,   25.0,  0.133,
1050210005, 051099, -00009,   75.0,  0.147,
1050210004, 051099, -00009,  100.0,  0.233,
1050210003, 051099, -00009,  125.0,  0.123,
1060210008, 071499, -00009,    5.0,  0.187,
1060210007, 071499, -00009,   25.0,  0.197,
1060210006, 071499, -00009,   45.0,  0.177,
1060210005, 071499, -00009,   75.0,  0.173,
1060210004, 071499, -00009,  100.0,  0.100,
1060210003, 071499, -00009,  125.0,  0.060,
1060210002, 071499, -00009,  150.0,  0.083,
1070210008, 081499, -00009,    5.0,  0.163,
1070210007, 081499, -00009,   25.0,  0.187,
1070210006, 081499, -00009,   45.0,  0.163,
1070210005, 081499, -00009,   75.0,  0.190,
1070210004, 081499, -00009,  100.0,  0.103,
1070210003, 081499, -00009,  125.0,  0.083,
1070210002, 081499, -00009,  150.0,  0.080,
1080210008, 101599, -00009,    5.0,  0.130,
1080210007, 101599, -00009,   25.0,  0.153,
1080210006, 101599, -00009,   45.0,  0.353,
1080210005, 101599, -00009,   75.0,  0.143,
1080210004, 101599, -00009,  100.0,  0.077,
1080210003, 101599, -00009,  125.0,  0.063,
1080210002, 101599, -00009,  150.0,  0.080,
1090210008, 110999, -00009,    5.0,  0.133,
1090210007, 110999, -00009,   25.0,  0.123,
1090210006, 110999, -00009,   45.0,  0.135,
1090210005, 110999, -00009,   75.0,  0.137,
1090210004, 110999, -00009,  100.0,  0.117,
1090210003, 110999, -00009,  125.0,  0.080,
1090210002, 110999, -00009,  150.0,  0.077,
1100210008, 121599, -00009,    5.0,  0.173,
1100210007, 121599, -00009,   25.0,  0.213,
1100210006, 121599, -00009,   45.0,  0.177,
1100210005, 121599, -00009,   75.0,  0.113,
1100210004, 121599, -00009,  100.0,  0.070,
1100210003, 121599, -00009,  125.0,  0.103,
1100210002, 121599, -00009,  150.0,  0.113,
1110210008, 020300, -00009,    5.0,  0.140,
1110210007, 020300, -00009,   25.0,  0.193,
1110210006, 020300, -00009,   45.0,  0.177,
1110210005, 020300, -00009,   75.0,  0.173,
1110210004, 020300, -00009,  100.0,  0.117,
1110210003, 020300, -00009,  125.0,  0.090,
1110210002, 020300, -00009,  150.0,  0.090,
1120210008, 030100, -00009,    5.0,  0.107,
1120210007, 030100, -00009,   25.0,  0.123,
1120210006, 030100, -00009,   45.0,  0.113,
1120210005, 030100, -00009,   75.0,  0.113,
1120210004, 030100, -00009,  100.0,  0.110,
1120210003, 030100, -00009,  125.0,  0.090,
1120210002, 030100, -00009,  150.0,  0.033,
1130210008, 032900, -00009,    5.0,  0.140,
1130210007, 032900, -00009,   25.0,  0.130,
1130210006, 032900, -00009,   45.0,  0.157,
1130210005, 032900, -00009,   75.0,  0.163,
1130210004, 032900, -00009,  100.0,  0.137,
1130210003, 032900, -00009,  125.0,  0.070,
1130210002, 032900, -00009,  150.0,  0.073,
1140210008, 042600, -00009,    5.0,  0.105,
1140210007, 042600, -00009,   25.0,  0.263,
1140210006, 042600, -00009,   45.0,  0.175,
1140210005, 042600, -00009,   75.0,  0.090,
1140210004, 042600, -00009,  100.0,  0.073,
1140210003, 042600, -00009,  125.0,  0.060,
1140210002, 042600, -00009,  150.0,  0.067,
1150201119, 052500, 105112,    5.2,  0.127,
1150201117, 052500, 104943,   24.7,  0.175,
1150201115, 052500, 104805,   45.0,  0.143,
1150201113, 052500, 104621,   74.5,  0.167,
1150201111, 052500, 104447,   99.1,  0.140,
1150201109, 052500, 104259,  125.1,  0.093,
1160200917, 062100, 134841,    5.0,  0.290,
1160200915, 062100, 134730,   24.6,  0.310,
1160200913, 062100, 134620,   45.4,  0.135,
1160200911, 062100, 134455,   75.6,  0.113,
1160200909, 062100, 134350,   99.7,  0.067,
1160200907, 062100, 134246,  124.9,  0.050,
1160200905, 062100, 134130,  149.8,  0.057,
1170200723, 072600, 135350,    4.6,  0.223,
1170200721, 072600, 135211,   24.8,  0.233,
1170200719, 072600, 135101,   44.3,  0.203,
1170200717, 072600, 134921,   74.2,  0.130,
1170200716, 072600, 134815,  100.0,  0.097,
1170200713, 072600, 134640,  125.5,  0.077,
1170200711, 072600, 134521,  149.3,  0.117,
1180200910, 082300, 124916,    4.9,  0.463,
1180200909, 082300, 124754,   25.0,  0.110,
1180200908, 082300, 124645,   44.9,  0.100,
1180200907, 082300, 124524,   74.1,  0.073,
1180200906, 082300, 124409,   98.8,  0.080,
1180200905, 082300, 124250,  125.1,  0.113,