Hawaii Ocean Time-series : 12-Sep-2023 23:44:31
https://hahana.soest.hawaii.edu/hot/hot-dogs/bextraction.html

botid, date, time, press, hbact, 
#, mmddyy, hhmmss, dbar, #*1e5/ml, 
1750201021, 111205, 134034,    9.2,  4.922,
1750201018, 111205, 133734,   24.5,  4.461,
1750201015, 111205, 133544,   43.5,  4.312,
1750201012, 111205, 133259,   73.6,  4.777,
1750201008, 111205, 133019,   99.0,  3.806,
1750201005, 111205, 132804,  123.8,  3.231,
1750201004, 111205, 132619,  148.8,  2.995,
1760200920, 121305, 125600,    5.0,  4.036,
1760200917, 121305, 125334,   25.2,  4.305,
1760200914, 121305, 125146,   44.5,  4.429,
1760200911, 121305, 124942,   75.8,  4.217,
1760200908, 121305, 124734,  100.8,  3.537,
1760200905, 121305, 124556,  125.1,  2.864,
1760200904, 121305, 124420,  149.2,  2.461,
1770200320, 012506, 132448,    7.7,  4.871,
1770200317, 012506, 132157,   24.7,  4.801,
1770200314, 012506, 131959,   46.9,  4.879,
1770200311, 012506, 131758,   74.8,  4.688,
1770200308, 012506, 131559,  100.4,  5.035,
1770200305, 012506, 131408,  125.2,  5.090,
1780200920, 021506, 131134,   10.3,  4.705,
1780200917, 021506, 130904,   24.6,  4.404,
1780200914, 021506, 130739,   45.3,  4.026,
1780200911, 021506, 130604,   73.9,  4.289,
1780200909, 021506, 130447,  100.4,  2.804,
1780200906, 021506, 130306,  125.3,  2.229,
1780200904, 021506, 130144,  149.8,  1.756,
1790201220, 031006, 131146,    5.4,  4.782,
1790201217, 031006, 130949,   24.5,  4.943,
1790201214, 031006, 130803,   46.2,  4.920,
1790201211, 031006, 130627,   75.5,  4.887,
1790201208, 031006, 130505,   99.7,  4.911,
1790201205, 031006, 130340,  123.1,  4.223,
1790201204, 031006, 130218,  150.0,  4.001,
1800200920, 040206, 130244,    6.2,  5.030,
1800200917, 040206, 125949,   25.5,  4.827,
1800200914, 040206, 125800,   45.0,  6.334,
1800200911, 040206, 125554,   75.6,  4.265,
1800200908, 040206, 125353,  100.5,  5.161,
1800200905, 040206, 125204,  124.3,  4.695,
1800200904, 040206, 125035,  149.7,  3.666,
1810201022, 052706, 131051,    7.3,  4.857,
1810201019, 052706, 130801,   26.5,  4.861,
1810201016, 052706, 130621,   46.4,  5.272,
1810201013, 052706, 130451,   76.3,  4.351,
1810201010, 052706, 130321,  101.2,  4.255,
1810201007, 052706, 130139,  124.6,  2.885,
1820200822, 061406, 153316,    8.2,  4.718,
1820200819, 061406, 152904,   25.0,  4.915,
1820200816, 061406, 152730,   46.0,  6.055,
1820200813, 061406, 152544,   76.1,  5.605,
1820200810, 061406, 152349,  100.9,  5.092,
1820200807, 061406, 152205,  124.9,  4.151,
1830201013, 071306, 131634,   75.0,  3.243,
1830201010, 071306, 131411,  100.7,  2.362,
1830201007, 071306, 131159,  125.5,  1.860,
1830201006, 071306, 130929,  149.8,  1.834,
1840200922, 080906, 103440,    7.5,  3.323,
1840200919, 080906, 103026,   25.8,  3.102,
1840200916, 080906, 102548,   60.0,  3.912,
1840200913, 080906, 102140,   89.8,  3.646,
1840200910, 080906, 101740,  115.0,  3.251,
1850200920, 091606, 125620,    6.3,  5.428,
1850200917, 091606, 125435,   26.3,  5.496,
1850200914, 091606, 125242,   46.1,  5.820,
1850200911, 091606, 124927,   75.6,  6.048,
1850200908, 091606, 124725,  100.8,  4.734,
1850200905, 091606, 124537,  125.3,  3.422,
1860201820, 102106, 130025,    8.7,  5.985,
1860201817, 102106, 125740,   25.3,  5.975,
1860201814, 102106, 125526,   45.1,  5.756,
1860201811, 102106, 125331,   74.5,  5.667,
1860201808, 102106, 125040,  101.4,  5.229,
1860201805, 102106, 124840,  126.0,  4.209,
1870200920, 110906, 130815,    6.9,  5.293,
1870200917, 110906, 130440,   25.0,  5.813,
1870200914, 110906, 130251,   45.5,  5.451,
1870200911, 110906, 130049,   76.1,  5.428,
1870200908, 110906, 125909,  100.8,  4.751,
1870200905, 110906, 125749,  124.8,  3.916,
1880200920, 121006, 125550,    9.0,  4.231,
1880200917, 121006, 125308,   23.7,  4.457,
1880200914, 121006, 125121,   44.6,  4.367,
1880200911, 121006, 124922,   75.0,  4.186,
1880200908, 121006, 124750,  101.0,  4.750,
1880200905, 121006, 124551,  125.7,  2.699,
1890201020, 020707, 125931,    5.1,  4.470,
1890201017, 020707, 125714,   24.6,  4.641,
1890201014, 020707, 125535,   45.2,  4.341,
1890201011, 020707, 125345,   75.5,  4.157,
1890201008, 020707, 125154,  100.8,  2.859,
1890201005, 020707, 124948,  123.4,  2.545,
1890201004, 020707, 124747,  149.0,  2.050,
1900201020, 032107, 125949,    4.4,  4.123,
1900201017, 032107, 125729,   25.0,  4.574,
1900201011, 032107, 125211,   75.1,  4.137,
1900201008, 032107, 125011,   99.7,  3.223,
1900201005, 032107, 124736,  124.2,  3.477,
1900201004, 032107, 124441,  149.7,  2.320,
1910201020, 050507, 125830,    7.4,  5.161,
1910201017, 050507, 125611,   25.9,  5.073,
1910201014, 050507, 125341,   44.5,  5.332,
1910201011, 050507, 125152,   75.3,  5.281,
1910201008, 050507, 124941,  100.2,  4.383,
1910201005, 050507, 124702,  125.3,  4.017,
1910201004, 050507, 124520,  149.6,  2.929,
1930200722, 070807, 130548,    6.8,  5.467,
1930200717, 070807, 130253,   24.8,  5.241,
1930200714, 070807, 125957,   45.3,  5.410,
1930200711, 070807, 125648,   75.9,  5.240,
1930200708, 070807, 125428,   99.8,  4.570,
1930200705, 070807, 125208,  124.8,  3.388,
1930200704, 070807, 124958,  149.7,  2.737,
1940200920, 080407, 130743,    7.9,  4.716,
1940200917, 080407, 130443,   25.2,  4.544,
1940200914, 080407, 130118,   44.9,  5.579,
1940200911, 080407, 125802,   75.9,  5.690,
1940200908, 080407, 125528,  100.1,  5.188,
1940200905, 080407, 125313,  125.4,  4.162,
1940200904, 080407, 125041,  149.9,  3.129,
1950200920, 090307, 130649,    6.6,  6.261,
1950200917, 090307, 130404,   25.8,  5.947,
1950200914, 090307, 130159,   46.0,  6.388,
1950200911, 090307, 125829,   75.9,  5.504,
1950200908, 090307, 125554,  100.5,  4.670,
1950200905, 090307, 125344,  125.4,  3.549,
1960200222, 100207, 131053,    4.5,  4.794,
1960200217, 100207, 130838,   24.8,  4.530,
1960200214, 100207, 130723,   44.3,  4.842,
1960200211, 100207, 130553,   75.7,  5.245,
1960200208, 100207, 130429,   99.0,  4.562,
1960200205, 100207, 130304,  126.0,  4.837,
1960200204, 100207, 130143,  149.7,  3.466,
1970200220, 120107, 131549,    8.8,  4.461,
1970200217, 120107, 131413,   24.7,  4.465,
1970200214, 120107, 130959,   44.9,  3.806,
1970200211, 120107, 130823,   74.9,  3.983,
1970200208, 120107, 130629,   99.4,  3.086,
1970200205, 120107, 130439,  126.3,  2.287,
1980200222, 122007, 121559,    5.8,  5.173,
1980200217, 122007, 121059,   24.0,  5.042,
1980200214, 122007, 120920,   45.8,  4.858,
1980200211, 122007, 120733,   76.0,  4.736,
1980200208, 122007, 120544,  101.1,  5.015,
1980200205, 122007, 120340,  123.1,  3.698,
1980200204, 122007, 120225,  149.2,  2.628,
1990200222, 012908, 134548,    5.8,  3.885,
1990200217, 012908, 133955,   24.5,  3.935,
1990200214, 012908, 133806,   45.7,  3.873,
1990200211, 012908, 133607,   74.5,  3.965,
1990200208, 012908, 133346,   99.7,  4.020,
1990200205, 012908, 133136,  124.2,  2.079,
2000200222, 022308, 132209,    7.4,  4.908,
2000200217, 022308, 131709,   27.8,  4.884,
2000200214, 022308, 131453,   46.4,  4.223,
2000200211, 022308, 131221,   76.6,  4.245,
2000200205, 022308, 130723,  126.3,  2.432,
2010200222, 052708, 123058,    7.5,  4.685,
2010200218, 052708, 122805,   26.1,  6.203,
2010200215, 052708, 122537,   46.0,  5.952,
2010200212, 052708, 122328,   75.6,  5.767,
2010200209, 052708, 122124,  101.1,  5.361,
2010200206, 052708, 121929,  125.6,  4.811,
2010200205, 052708, 121738,  150.0,  2.705,
2020200222, 062508, 124016,    9.2,  4.600,
2020200218, 062508, 123622,   24.6,  4.429,
2020200215, 062508, 123401,   44.1,  4.746,
2020200212, 062508, 123136,   74.2,  4.443,
2020200209, 062508, 122926,   99.2,  3.433,
2020200205, 062508, 122701,  124.3,  3.332,
2020200204, 062508, 122516,  149.5,  2.512,
2030200222, 072608, 134946,    8.4,  4.288,
2030200218, 072608, 134648,   25.3,  4.961,
2030200215, 072608, 134444,   44.7,  5.890,
2030200212, 072608, 134229,   75.0,  5.583,
2030200209, 072608, 134010,  100.9,  4.329,
2030200205, 072608, 133740,  125.3,  4.071,
2030200204, 072608, 133523,  150.0,  2.804,
2040200222, 081608, 122916,    6.2,  6.024,
2040200218, 081608, 122541,   24.9,  6.450,
2040200215, 081608, 122330,   43.7,  7.272,
2040200212, 081608, 122027,   74.3,  5.165,
2040200209, 081608, 121757,  100.1,  4.139,
2040200205, 081608, 121512,  125.6,  3.418,
2050200222, 101008, 122046,    6.0,  6.019,
2050200217, 101008, 121736,   24.5,  5.995,
2050200214, 101008, 121546,   44.2,  5.810,
2050200211, 101008, 121345,   74.3,  4.752,
2050200208, 101008, 121200,   99.2,  3.650,
2050200205, 101008, 121011,  124.1,  3.185,
2050200204, 101008, 120841,  148.9,  2.433,
2060200222, 113008, 134658,   10.1,  5.417,
2060200218, 113008, 134258,   22.3,  5.907,
2060200215, 113008, 134124,   43.3,  4.873,
2060200212, 113008, 133918,   76.7,  5.675,
2060200209, 113008, 133719,  100.2,  5.962,
2060200205, 113008, 133537,  121.8,  4.656,
2060200204, 113008, 133357,  147.5,  2.848,
2080200222, 012009, 132948,    6.6,  3.381,
2080200218, 012009, 132623,   24.6,  3.274,
2080200215, 012009, 132432,   45.3,  3.625,
2080200212, 012009, 132244,   74.4,  3.642,
2080200209, 012009, 132047,   99.6,  3.248,
2080200205, 012009, 131842,  125.3,  3.489,
2090200222, 021709, 130227,    6.7,  3.618,
2090200218, 021709, 125947,   24.8,  3.574,
2090200215, 021709, 125757,   45.4,  3.528,
2090200212, 021709, 125557,   74.9,  3.530,
2090200209, 021709, 125407,  100.0,  3.550,
2090200205, 021709, 125147,  126.0,  2.741,
2090200204, 021709, 125037,  150.0,  2.004,
2100200222, 042809, 123028,    5.0,  4.627,
2100200218, 042809, 122742,   25.0,  4.699,
2100200215, 042809, 122457,   44.7,  4.591,
2100200212, 042809, 122144,   75.0,  4.149,
2100200209, 042809, 121927,   99.8,  3.934,
2100200205, 042809, 121630,  125.1,  3.673,
2110200120, 052709, 134033,    7.2,  4.152,
2110200117, 052709, 133909,   27.1,  5.492,
2110200114, 052709, 133754,   47.0,  5.270,
2110200111, 052709, 133548,   76.9,  4.427,
2110200108, 052709, 133400,  101.9,  4.122,
2110200105, 052709, 133228,  126.7,  3.681,
2120200222, 070309, 130851,    8.2,  4.521,
2120200219, 070309, 130531,   25.1,  4.345,
2120200216, 070309, 130347,   44.7,  4.850,
2120200213, 070309, 130140,   74.4,  4.874,
2120200210, 070309, 125906,  100.1,  3.564,
2120200207, 070309, 125547,  125.9,  3.336,
2130200220, 072409, 132508,    7.6,  4.251,
2130200217, 072409, 132139,   24.9,  4.580,
2130200214, 072409, 131943,   45.1,  4.644,
2130200211, 072409, 131734,   75.4,  4.307,
2130200208, 072409, 131538,   99.9,  3.103,
2130200205, 072409, 131348,  124.9,  2.395,
2140200220, 081809, 130728,    8.3,  3.655,
2140200217, 081809, 130328,   24.5,  6.860,
2140200214, 081809, 130057,   46.1,  4.677,
2140200211, 081809, 125828,   75.0,  4.727,
2140200208, 081809, 125612,  100.7,  4.913,
2140200205, 081809, 125339,  124.4,  5.117,
2150200218, 092409, 134950,    5.4,  5.293,
2150200215, 092409, 134744,   25.1,  5.262,
2150200212, 092409, 134509,   44.6,  4.674,
2150200209, 092409, 134300,   74.7,  3.769,
2150200206, 092409, 133959,   99.8,  4.434,
2150200203, 092409, 133812,  125.2,  2.555,
2160200219, 110309, 141950,    4.6,  6.577,
2160200215, 110309, 141744,   24.0,  6.265,
2160200212, 110309, 141554,   44.7,  6.127,
2160200209, 110309, 141354,   75.2,  4.619,
2160200206, 110309, 141159,   99.4,  3.913,
2160200203, 110309, 140949,  127.0,  2.714,
2160200202, 110309, 140819,  149.6,  2.145,
2170200220, 120909, 131327,    4.7,  4.182,
2170200217, 120909, 131207,   24.4,  4.343,
2170200214, 120909, 131051,   44.3,  4.249,
2170200211, 120909, 130926,   75.0,  4.400,
2170200208, 120909, 130757,   99.9,  3.639,
2170200205, 120909, 130636,  126.5,  3.007,
2190200522, 031010, 183350,    4.7,  3.750,
2190200519, 031010, 183121,   25.5,  3.829,
2190200517, 031010, 182852,   45.6,  3.875,
2190200515, 031010, 182621,   75.3,  3.323,
2190200512, 031010, 182306,  101.3,  3.408,
2190200509, 031010, 181952,  125.4,  2.727,
2200200219, 040610, 134244,    4.7,  3.281,
2200200216, 040610, 134108,   25.3,  3.850,
2200200213, 040610, 133918,   44.1,  4.257,
2200200210, 040610, 133708,   77.4,  4.437,
2200200207, 040610, 133508,   98.5,  3.853,
2200200204, 040610, 133315,  123.3,  2.486,
2200200202, 040610, 133147,  150.0,  2.279,
2210200221, 051810, 124205,    5.0,  4.498,
2210200218, 051810, 124008,   23.1,  4.626,
2210200215, 051810, 123717,   44.4,  4.923,
2210200212, 051810, 123452,   74.4,  4.473,
2210200209, 051810, 123240,  100.4,  3.543,
2210200206, 051810, 123023,  125.1,  3.284,
2220200221, 060810, 121823,    5.5,  5.374,
2220200218, 060810, 121633,   25.1,  5.620,
2220200214, 060810, 121428,   44.6,  5.188,
2220200211, 060810, 121228,   75.4,  5.061,
2220200209, 060810, 121010,  100.1,  4.513,
2220200206, 060810, 120808,  127.3,  3.660,
2220200204, 060810, 120542,  147.8,  3.447,
2230200221, 070810, 125620,    5.8,  4.489,
2230200218, 070810, 125132,   25.7,  4.675,
2230200215, 070810, 124843,   46.2,  4.635,
2230200212, 070810, 124531,   75.4,  5.163,
2230200209, 070810, 124211,  100.5,  3.882,
2230200206, 070810, 123831,  125.7,  3.308,
2240200220, 080710, 122246,    6.0,  4.979,
2240200217, 080710, 121914,   24.9,  4.922,
2240200214, 080710, 121643,   45.1,  4.865,
2240200211, 080710, 121359,   75.4,  4.915,
2240200208, 080710, 121117,  100.2,  4.962,
2240200205, 080710, 120848,  125.1,  4.531,
2250200220, 090310, 123611,    6.6,  5.331,
2250200217, 090310, 123307,   25.0,  5.191,
2250200214, 090310, 123049,   45.0,  5.280,
2250200211, 090310, 122817,   75.3,  5.345,
2250200208, 090310, 122539,  100.3,  3.830,
2250200205, 090310, 122309,  124.5,  2.944,
2250200204, 090310, 122104,  149.9,  3.138,
2260200220, 100310, 120503,    5.7,  4.590,
2260200217, 100310, 120223,   24.5,  5.843,
2260200214, 100310, 115929,   45.5,  5.965,
2260200211, 100310, 115619,   76.0,  5.094,
2260200208, 100310, 115323,  100.8,  4.464,
2260200205, 100310, 115038,  126.0,  2.820,
2270200320, 112110, 125609,    5.7,  3.037,
2270200317, 112110, 125420,   25.2,  3.996,
2270200314, 112110, 125243,   45.0,  4.231,
2270200311, 112110, 125042,   75.2,  3.989,
2270200308, 112110, 124853,  100.3,  5.073,
2270200305, 112110, 124706,  125.6,  3.912,
2280200218, 010911, 145322,    6.7,  4.111,
2280200215, 010911, 145137,   26.6,  4.161,
2280200212, 010911, 144959,   46.2,  4.206,
2280200209, 010911, 144810,   76.6,  4.137,
2280200207, 010911, 144612,  101.6,  2.802,
2280200203, 010911, 144400,  125.5,  2.458,
2280200202, 010911, 144222,  149.6,  2.125,
2290200920, 012911, 130525,    6.7,  4.483,
2290200917, 012911, 130206,   24.9,  4.621,
2290200914, 012911, 130001,   45.8,  4.434,
2290200911, 012911, 125715,   74.9,  4.413,
2290200908, 012911, 125506,  100.0,  4.228,
2290200905, 012911, 125238,  124.5,  2.539,
2300200220, 022811, 123009,    6.8,  4.400,
2300200217, 022811, 122724,   24.8,  4.305,
2300200214, 022811, 122528,   46.3,  4.441,
2300200208, 022811, 122108,  100.7,  3.769,
2300200205, 022811, 121904,  125.7,  3.260,
2310200220, 041111, 134640,    4.6,  4.474,
2310200217, 041111, 134318,   25.4,  4.680,
2310200214, 041111, 134108,   45.5,  5.110,
2310200211, 041111, 133821,   75.0,  5.021,
2310200208, 041111, 133521,  102.5,  4.560,
2310200206, 041111, 133326,  125.1,  4.113,
2320200218, 050911, 141518,    5.9,  3.996,
2320200215, 050911, 141331,   24.1,  4.152,
2320200212, 050911, 141204,   44.0,  4.193,
2320200209, 050911, 141018,   74.2,  4.649,
2320200206, 050911, 140837,   99.4,  4.299,
2320200203, 050911, 140631,  123.9,  4.286,
2320200202, 050911, 140457,  149.6,  3.049,
2330200218, 071911, 111425,    5.7,  4.813,
2330200215, 071911, 111203,   24.5,  4.909,
2330200212, 071911, 111018,   44.6,  4.871,
2330200209, 071911, 110808,   74.7,  3.543,
2330200206, 071911, 110614,   99.8,  3.847,
2330200203, 071911, 110418,  124.1,  2.924,
2330200202, 071911, 110219,  149.5,  2.945,
2340200820, 083111, 132511,    5.6,  4.231,
2340200817, 083111, 132303,   25.7,  5.216,
2340200814, 083111, 132112,   45.6,  5.543,
2340200811, 083111, 131900,   74.8,  4.095,
2340200808, 083111, 131652,   99.7,  3.539,
2340200805, 083111, 131437,  124.9,  2.689,
2340200804, 083111, 131257,  149.6,  1.763,
2350200620, 092711, 132937,    5.8,  5.591,
2350200617, 092711, 132638,   25.7,  5.663,
2350200614, 092711, 132427,   45.3,  5.100,
2350200611, 092711, 132139,   75.9,  5.357,
2350200608, 092711, 131917,  100.9,  4.729,
2350200605, 092711, 131650,  125.5,  3.997,
2360200222, 110411, 133817,    5.7,  5.061,
2360200219, 110411, 133622,   26.0,  5.158,
2360200216, 110411, 133412,   47.1,  5.059,
2360200213, 110411, 133136,   78.5,  4.607,
2360200210, 110411, 132922,   99.9,  3.888,
2360200207, 110411, 132640,  126.7,  3.186,
2370200620, 112911, 145306,    5.6,  5.073,
2370200617, 112911, 145125,   24.8,  4.892,
2370200614, 112911, 144936,   45.5,  4.932,
2370200611, 112911, 144719,   74.2,  5.258,
2370200608, 112911, 144526,   99.6,  4.926,
2370200605, 112911, 144322,  124.1,  3.609,
2370200604, 112911, 144148,  149.4,  2.930,
2380200822, 122011, 121234,    5.6,  4.920,
2380200817, 122011, 121014,   24.9,  4.917,
2380200814, 122011, 120834,   44.8,  4.892,
2380200811, 122011, 120614,   73.8,  4.884,
2380200808, 122011, 120424,   99.4,  4.838,
2380200806, 122011, 120250,  124.0,  3.213,
2380200804, 122011, 120124,  149.8,  2.769,
2390200222, 011812, 133111,    5.6,  4.310,
2390200219, 011812, 132921,   25.8,  3.950,
2390200216, 011812, 132742,   44.4,  4.132,
2390200213, 011812, 132538,   75.7,  4.322,
2390200210, 011812, 132334,  100.2,  4.188,
2390200207, 011812, 132103,  127.5,  3.990,
2410200120, 050112, 121104,    5.7,  4.441,
2410200117, 050112, 120934,   23.9,  4.919,
2410200114, 050112, 120809,   46.1,  4.749,
2410200111, 050112, 120629,   78.2,  4.912,
2410200108, 050112, 120448,  101.1,  5.025,
2410200105, 050112, 120324,  125.5,  3.369,
2410200104, 050112, 120219,  148.8,  3.782,
2420200120, 053012, 123757,    4.5,  3.995,
2420200117, 053012, 123627,   24.4,  3.996,
2420200114, 053012, 123506,   45.6,  3.935,
2420200111, 053012, 123342,   73.8,  4.701,
2420200108, 053012, 123213,  100.9,  4.494,
2420200105, 053012, 123042,  123.9,  3.390,
2420200104, 053012, 122932,  148.9,  3.083,
2430200122, 062612, 131416,    5.0,  4.973,
2430200118, 062612, 131138,   24.8,  4.419,
2430200115, 062612, 130928,   45.4,  4.630,
2430200112, 062612, 130718,   75.1,  4.692,
2430200109, 062612, 130517,   99.5,  3.578,
2430200106, 062612, 130308,  125.2,  3.057,
2430200105, 062612, 130128,  149.6,  2.676,
2440200220, 073112, 131117,    6.7,  4.810,
2440200217, 073112, 130906,   24.4,  5.015,
2440200214, 073112, 130716,   45.4,  5.236,
2440200211, 073112, 130505,   75.7,  5.058,
2440200208, 073112, 130305,  100.3,  3.989,
2440200205, 073112, 130105,  124.6,  3.210,
2450200120, 081712, 125930,    5.2,  5.609,
2450200117, 081712, 125736,   24.7,  6.609,
2450200114, 081712, 125559,   45.4,  6.548,
2450200111, 081712, 125406,   75.3,  5.140,
2450200108, 081712, 125223,  100.3,  4.276,
2450200105, 081712, 125032,  126.3,  3.306,
2460200122, 091412, 125236,    5.5,  5.099,
2460200119, 091412, 125001,   24.6,  5.210,
2460200116, 091412, 124819,   45.5,  4.897,
2460200113, 091412, 124632,   75.3,  5.572,
2460200110, 091412, 124440,  100.5,  4.229,
2460200107, 091412, 124243,  124.5,  3.613,
2460200104, 091412, 124031,  149.9,  3.255,
2470200119, 100712, 122551,    5.6,  5.664,
2470200116, 100712, 122341,   25.2,  5.315,
2470200113, 100712, 122151,   45.3,  4.798,
2470200110, 100712, 121941,   75.4,  5.528,
2470200107, 100712, 121741,  100.2,  3.871,
2470200104, 100712, 121551,  125.5,  3.030,
2480200120, 120312, 130123,    5.9,  4.034,
2480200117, 120312, 125824,   25.5,  4.159,
2480200114, 120312, 125624,   44.3,  4.082,
2480200111, 120312, 125356,   75.4,  4.085,
2480200108, 120312, 125134,  100.1,  3.467,
2480200105, 120312, 124836,  124.8,  2.652,
2490200120, 021213, 131056,    7.9,  4.755,
2490200117, 021213, 130811,   25.4,  4.953,
2490200114, 021213, 130608,   45.6,  4.983,
2490200111, 021213, 130352,   75.1,  4.336,
2490200108, 021213, 130126,  100.0,  4.301,
2490200105, 021213, 125905,  124.3,  4.420,
2490200104, 021213, 125721,  150.0,  2.825,
2500200221, 030613, 130726,    6.4,  4.431,
2500200218, 030613, 130406,   25.2,  4.808,
2500200215, 030613, 130145,   45.2,  4.498,
2500200212, 030613, 125945,   76.4,  4.868,
2500200209, 030613, 125746,   99.5,  4.727,
2500200206, 030613, 125555,  124.9,  3.776,
2510200121, 040513, 125853,    5.3,  4.476,
2510200117, 040513, 125633,   25.4,  3.839,
2510200114, 040513, 125443,   45.9,  3.706,
2510200111, 040513, 125233,   75.7,  3.226,
2510200108, 040513, 125044,  100.0,  5.588,
2510200105, 040513, 124855,  125.2,  4.254,
2510200104, 040513, 124725,  149.0,  3.916,
2520200222, 051713, 140730,    7.3,  5.228,
2520200218, 051713, 140407,   25.0,  5.131,
2520200215, 051713, 140206,   45.3,  5.723,
2520200212, 051713, 135936,   75.5,  4.561,
2520200209, 051713, 135729,  100.4,  3.990,
2520200206, 051713, 135440,  124.8,  3.196,
2520200205, 051713, 135308,  149.8,  3.386,
2530200222, 062513, 132306,    8.0,  3.638,
2530200218, 062513, 132048,   25.9,  4.247,
2530200215, 062513, 131905,   45.1,  3.125,
2530200212, 062513, 131706,   76.1,  3.926,
2530200209, 062513, 131514,  101.8,  3.831,
2530200206, 062513, 131337,  125.7,  3.192,
2530200205, 062513, 131207,  149.9,  2.397,
2540200120, 091113, 130301,    6.8,  5.676,
2540200117, 091113, 130020,   25.4,  5.864,
2540200114, 091113, 125820,   45.2,  5.852,
2540200111, 091113, 125550,   75.6,  4.826,
2540200108, 091113, 125350,  101.3,  3.673,
2540200105, 091113, 125150,  125.8,  2.883,
2560200121, 102713, 125446,    7.7,  5.518,
2560200117, 102713, 125215,   25.4,  5.842,
2560200114, 102713, 125015,   45.7,  5.729,
2560200111, 102713, 124756,   75.5,  4.757,
2560200108, 102713, 124545,  100.2,  4.064,
2560200105, 102713, 124355,  124.8,  3.480,
2570200121, 112613, 130008,    7.6,  5.425,
2570200117, 112613, 125806,   25.2,  5.776,
2570200114, 112613, 125621,   45.7,  5.682,
2570200111, 112613, 125351,   74.3,  5.214,
2570200108, 112613, 125117,  100.7,  4.539,
2570200105, 112613, 124858,  126.3,  3.534,
2580200121, 122013, 131059,    7.5,  4.586,
2580200118, 122013, 130829,   25.2,  4.392,
2580200115, 122013, 130619,   45.6,  4.705,
2580200112, 122013, 130330,   74.8,  3.757,
2580200109, 122013, 130109,  100.5,  3.295,
2580200106, 122013, 125859,  125.6,  2.660,
2580200104, 122013, 125641,  149.5,  2.097,
2590200121, 011514, 131121,    6.3,  4.088,
2590200118, 011514, 130023,   23.8,  4.046,
2590200115, 011514, 125643,   45.9,  3.813,
2590200112, 011514, 125343,   75.9,  4.129,
2590200109, 011514, 125042,  101.1,  3.768,
2590200106, 011514, 124743,  126.2,  3.262,
2600200120, 021414, 133246,    7.8,  4.156,
2600200117, 021414, 133016,   26.2,  3.962,
2600200114, 021414, 132726,   44.2,  3.761,
2600200111, 021414, 132416,   74.9,  4.087,
2600200108, 021414, 132126,  100.4,  3.702,
2600200105, 021414, 131756,  125.4,  2.683,
2610200120, 030514, 132258,    7.0,  5.248,
2610200117, 030514, 132042,   24.8,  4.975,
2610200114, 030514, 131736,   46.4,  5.125,
2610200111, 030514, 131500,   75.5,  4.188,
2610200108, 030514, 131229,  100.5,  4.179,
2610200105, 030514, 131000,  124.2,  2.509,
2620200120, 041014, 131508,    4.5,  3.861,
2620200117, 041014, 131229,   23.9,  3.929,
2620200114, 041014, 131003,   45.0,  3.990,
2620200111, 041014, 130658,   72.8,  4.004,
2620200108, 041014, 130439,   99.2,  3.428,
2620200105, 041014, 130148,  124.8,  3.456,
2620200104, 041014, 125948,  149.1,  3.627,
2630200721, 060114, 130042,    5.4,  4.837,
2630200717, 060114, 125847,   24.7,  4.696,
2630200714, 060114, 125702,   44.8,  4.408,
2630200711, 060114, 125459,   75.4,  3.360,
2630200708, 060114, 125313,  100.2,  3.486,
2630200705, 060114, 125119,  125.6,  2.707,
2630200704, 060114, 125003,  149.4,  2.482,
2640200121, 063014, 125725,    5.1,  5.678,
2640200118, 063014, 125535,   24.9,  5.778,
2640200115, 063014, 125354,   45.2,  5.103,
2640200112, 063014, 125144,   75.7,  4.042,
2640200109, 063014, 124954,  100.0,  3.194,
2640200105, 063014, 124635,  124.4,  3.086,
2650200120, 091414, 130204,    7.7,  5.684,
2650200117, 091414, 125944,   25.6,  6.079,
2650200114, 091414, 125803,   45.1,  6.736,
2650200111, 091414, 125613,   75.3,  7.889,
2650200108, 091414, 125428,  100.2,  3.297,
2650200105, 091414, 125229,  125.1,  3.604,
2660200120, 101314, 130315,    8.0,  5.767,
2660200117, 101314, 130110,   24.9,  5.891,
2660200114, 101314, 125930,   45.8,  6.371,
2660200111, 101314, 125740,   74.1,  4.757,
2660200108, 101314, 125550,  100.3,  3.971,
2660200105, 101314, 125350,  124.6,  2.850,
2670200120, 112114, 125007,    6.9,  5.039,
2670200117, 112114, 124812,   25.4,  4.802,
2670200114, 112114, 124623,   44.7,  5.433,
2670200111, 112114, 124413,   74.4,  5.304,
2670200108, 112114, 124207,  100.4,  3.695,
2670200105, 112114, 124002,  125.4,  2.998,
2680200120, 121614, 130809,    7.4,  4.922,
2680200117, 121614, 130534,   25.1,  4.940,
2680200114, 121614, 130354,   44.5,  4.665,
2680200111, 121614, 130200,   75.3,  5.692,
2680200108, 121614, 130014,  100.6,  3.597,
2680200105, 121614, 125829,  125.5,  3.204,
2680200104, 121614, 125704,  149.2,  2.577,
2690200120, 022415, 130551,    4.7,  4.709,
2690200117, 022415, 130411,   25.4,  4.588,
2690200114, 022415, 130231,   47.4,  5.065,
2690200111, 022415, 130051,   75.5,  4.899,
2690200108, 022415, 125911,  100.4,  5.181,
2690200105, 022415, 125741,  124.4,  5.042,
2700200120, 032815, 132037,    4.8,  4.672,
2700200117, 032815, 131843,   24.6,  4.245,
2700200114, 032815, 131642,   44.8,  4.790,
2700200111, 032815, 131403,   75.0,  4.046,
2700200108, 032815, 131202,   99.9,  4.268,
2700200105, 032815, 130933,  125.2,  4.290,
2710200120, 042115, 130453,    5.5,  5.355,
2710200117, 042115, 130258,   24.4,  5.377,
2710200114, 042115, 130058,   44.5,  5.676,
2710200111, 042115, 125842,   75.2,  5.050,
2710200108, 042115, 125643,  100.3,  4.677,
2710200105, 042115, 125433,  123.4,  3.167,
2720200222, 052315, 125242,    6.9,  4.891,
2720200217, 052315, 124926,   26.5,  4.915,
2720200214, 052315, 124730,   45.7,  4.562,
2720200211, 052315, 124526,   75.2,  5.196,
2720200208, 052315, 124330,   99.9,  4.443,
2720200205, 052315, 124135,  126.4,  3.860,
2730200220, 061915, 125150,    8.1,  5.385,
2730200217, 061915, 124936,   24.2,  5.328,
2730200214, 061915, 124755,   46.3,  6.005,
2730200211, 061915, 124558,   76.3,  5.647,
2730200208, 061915, 124406,  101.3,  5.523,
2730200205, 061915, 124232,  125.1,  4.389,
2740200218, 071915, 132804,    6.9,  3.857,
2740200215, 071915, 132524,   24.7,  4.102,
2740200212, 071915, 132339,   44.7,  4.456,
2740200209, 071915, 132129,   74.8,  4.717,
2740200206, 071915, 131934,   99.8,  3.337,
2740200203, 071915, 131739,  124.5,  2.490,
2740200202, 071915, 131609,  149.6,  2.288,
2750200120, 081215, 125706,    4.8,  4.828,
2750200117, 081215, 125532,   25.1,  4.697,
2750200114, 081215, 125406,   45.7,  4.991,
2750200111, 081215, 125231,   75.2,  3.674,
2750200108, 081215, 125057,  102.2,  3.066,
2750200105, 081215, 124917,  125.6,  2.552,
2770200120, 101315, 125153,    5.2,  4.516,
2770200117, 101315, 125018,   24.9,  5.197,
2770200114, 101315, 124858,   45.5,  4.020,
2770200111, 101315, 124724,   74.4,  4.120,
2770200108, 101315, 124552,   99.8,  4.158,
2770200105, 101315, 124422,  125.5,  3.111,
2770200104, 101315, 124308,  149.8,  1.984,
2780200721, 111415, 125913,    5.4,  6.186,
2780200717, 111415, 125713,   25.3,  5.626,
2780200714, 111415, 125532,   47.0,  5.314,
2780200711, 111415, 125328,   75.3,  5.334,
2780200708, 111415, 125123,  100.4,  3.513,
2780200705, 111415, 124918,  125.0,  2.873,
2790200120, 120815, 131415,    4.6,  5.463,
2790200117, 120815, 131207,   25.5,  5.016,
2790200114, 120815, 131026,   45.0,  4.862,
2790200111, 120815, 130837,   75.4,  5.318,
2790200108, 120815, 130655,  100.1,  5.173,
2790200105, 120815, 130510,  125.9,  2.941,
2800200120, 011216, 131318,    7.4,  4.248,
2800200117, 011216, 131023,   25.2,  4.178,
2800200114, 011216, 130826,   45.1,  4.045,
2800200111, 011216, 130627,   73.2,  3.438,
2800200108, 011216, 130357,  101.3,  3.885,
2800200105, 011216, 130212,  126.4,  3.151,
2800200104, 011216, 130052,  149.2,  2.280,
2810200120, 020916, 130453,    6.1,  4.659,
2810200117, 020916, 130244,   24.4,  4.366,
2810200114, 020916, 130054,   44.6,  4.254,
2810200111, 020916, 125829,   74.5,  4.632,
2810200108, 020916, 125622,   98.0,  4.328,
2810200105, 020916, 125409,  125.5,  4.722,
2820200120, 030816, 125600,    7.1,  3.556,
2820200117, 030816, 125333,   25.6,  5.392,
2820200114, 030816, 125133,   45.1,  5.699,
2820200111, 030816, 124920,   75.4,  6.336,
2820200108, 030816, 124720,  100.2,  4.189,
2820200105, 030816, 124536,  125.5,  3.488,
2820200104, 030816, 124407,  149.0,  2.942,
2830200821, 041516, 130738,    4.8,  3.983,
2830200817, 041516, 130538,   24.3,  3.701,
2830200814, 041516, 130358,   44.9,  4.197,
2830200811, 041516, 130151,   76.7,  4.171,
2830200808, 041516, 125950,  101.4,  4.444,
2830200805, 041516, 125749,  128.1,  4.115,
2830200804, 041516, 125619,  148.4,  3.703,
2840200118, 052816, 135403,    7.2,  4.447,
2840200115, 052816, 135156,   27.0,  4.099,
2840200112, 052816, 134943,   47.7,  3.772,
2840200109, 052816, 134733,   78.4,  3.778,
2840200106, 052816, 134533,  102.9,  3.110,
2840200103, 052816, 134331,  127.4,  2.891,
2850200118, 071116, 134619,    4.9,  4.606,
2850200117, 071116, 134449,   24.7,  4.819,
2850200113, 071116, 134254,   45.8,  5.580,
2850200111, 071116, 134109,   74.5,  4.497,
2850200108, 071116, 133923,  100.6,  3.590,
2850200105, 071116, 133729,  127.2,  3.565,
2860200722, 081016, 131121,    6.1,  3.884,
2860200718, 081016, 130926,   25.3,  3.869,
2860200715, 081016, 130746,   45.8,  4.150,
2860200712, 081016, 130601,   73.8,  4.638,
2860200708, 081016, 130406,  100.7,  3.644,
2860200705, 081016, 130212,  126.9,  2.917,
2870200120, 101516, 130242,    5.5,  4.693,
2870200117, 101516, 130114,   24.8,  4.904,
2870200114, 101516, 125943,   44.6,  5.294,
2870200111, 101516, 125804,   75.6,  5.277,
2870200108, 101516, 125633,   99.5,  4.399,
2870200105, 101516, 125458,  124.8,  4.042,
2890200721, 012417, 130702,    5.7,  3.784,
2890200717, 012417, 130507,   24.7,  3.703,
2890200714, 012417, 130327,   44.5,  3.832,
2890200711, 012417, 130127,   75.0,  3.780,
2890200708, 012417, 125937,   99.1,  3.821,
2890200705, 012417, 125757,  124.8,  2.531,
2890200704, 012417, 125642,  148.7,  2.193,
2900200621, 022317, 131202,    6.1,  4.190,
2900200617, 022317, 131012,   25.8,  4.378,
2900200614, 022317, 130847,   45.9,  4.339,
2900200611, 022317, 130712,   76.7,  4.436,
2900200608, 022317, 130547,  100.6,  4.643,
2900200605, 022317, 130402,  127.4,  4.217,
2910200118, 032817, 105835,    5.2,  4.238,
2910200115, 032817, 105644,   24.0,  5.388,
2910200112, 032817, 105504,   46.0,  4.713,
2910200109, 032817, 105325,   75.2,  3.990,
2910200106, 032817, 105130,  101.2,  3.817,
2910200103, 032817, 104930,  125.6,  3.584,
2920200120, 042517, 125809,    5.5,  4.465,
2920200117, 042517, 125639,   24.3,  4.422,
2920200114, 042517, 125520,   45.9,  4.728,
2920200111, 042517, 125349,   75.5,  4.428,
2920200108, 042517, 125229,  100.5,  4.035,
2920200105, 042517, 125104,  124.7,  3.502,
2930200120, 052317, 135621,    4.7,  5.127,
2930200117, 052317, 135423,   25.8,  5.100,
2930200114, 052317, 135144,   45.3,  6.143,
2930200112, 052317, 134923,   77.3,  6.260,
2930200108, 052317, 134606,  100.3,  4.657,
2930200105, 052317, 134425,  124.8,  4.186,
2940200122, 062017, 131816,    7.5,  4.549,
2940200117, 062017, 131235,   26.1,  5.642,
2940200114, 062017, 130935,   46.6,  5.400,
2940200111, 062017, 130618,   76.3,  5.096,
2940200108, 062017, 130321,  101.5,  4.114,
2940200105, 062017, 130035,  125.1,  3.656,
2950200121, 080817, 130246,    4.8,  4.623,
2950200118, 080817, 130057,   25.3,  4.901,
2950200115, 080817, 125857,   47.4,  5.495,
2950200112, 080817, 125708,   76.8,  4.428,
2950200109, 080817, 125528,  100.6,  3.822,
2950200106, 080817, 125327,  126.9,  2.070,
2960200722, 100717, 134337,    5.5,  5.681,
2960200719, 100717, 134147,   26.2,  5.781,
2960200716, 100717, 133947,   46.0,  5.787,
2960200713, 100717, 133717,   75.6,  5.779,
2960200710, 100717, 133458,  101.4,  5.193,
2960200707, 100717, 133232,  126.7,  3.971,
2970200120, 110817, 125345,    8.1,  4.602,
2970200117, 110817, 125140,   26.6,  4.627,
2970200114, 110817, 124945,   45.2,  4.715,
2970200111, 110817, 124714,   74.7,  3.907,
2970200108, 110817, 124501,  101.0,  3.623,
2970200106, 110817, 124246,  126.3,  2.499,
2980200120, 121217, 132041,    5.1,  4.642,
2980200117, 121217, 131840,   26.0,  4.704,
2980200114, 121217, 131642,   46.3,  4.462,
2980200111, 121217, 131436,   76.2,  4.458,
2980200108, 121217, 131236,  101.7,  3.472,
2980200105, 121217, 131036,  128.1,  2.649,
2990200121, 011718, 132910,    7.0,  4.716,
2990200117, 011718, 132714,   24.4,  4.857,
2990200114, 011718, 132538,   45.3,  4.700,
2990200111, 011718, 132343,   74.3,  4.828,
2990200108, 011718, 132140,  100.9,  4.167,
2990200105, 011718, 131932,  124.0,  4.360,
2990200104, 011718, 131803,  148.9,  3.104,
3000200120, 022518, 125410,    5.0,  4.109,
3000200117, 022518, 125216,   25.1,  4.037,
3000200114, 022518, 125024,   44.9,  4.207,
3000200111, 022518, 124815,   75.4,  4.273,
3000200108, 022518, 124634,  100.5,  4.728,
3000200105, 022518, 124445,  125.9,  4.026,
3010200621, 041818, 130307,    5.3,  5.270,
3010200618, 041818, 130120,   25.3,  5.336,
3010200615, 041818, 125923,   46.4,  4.969,
3010200612, 041818, 125712,   73.8,  5.218,
3010200609, 041818, 125448,  100.8,  4.924,
3010200606, 041818, 125244,  127.1,  3.937,
3020200723, 051618, 142147,    4.8,  4.464,
3020200719, 051618, 141907,   25.9,  4.724,
3020200717, 051618, 141737,   45.0,  4.541,
3020200714, 051618, 141432,   75.1,  4.575,
3020200712, 051618, 141148,  100.9,  3.353,
3020200710, 051618, 140907,  124.8,  3.145,
3030200123, 062618, 135642,    6.2,  4.270,
3030200118, 062618, 135315,   25.6,  3.969,
3030200115, 062618, 135056,   46.4,  4.189,
3030200112, 062618, 134757,   75.7,  5.759,
3030200109, 062618, 134513,  107.9,  5.069,
3030200106, 062618, 134218,  127.1,  3.472,
3040200123, 072418, 120257,    6.2,  4.163,
3040200117, 072418, 120008,   26.2,  4.237,
3040200114, 072418, 115818,   46.3,  5.078,
3040200111, 072418, 115607,   76.1,  4.790,
3040200108, 072418, 115406,  100.9,  3.302,
3040200105, 072418, 115147,  126.2,  2.468,
3050200121, 091018, 123519,    7.3,  5.018,
3050200117, 091018, 123201,   25.6,  5.297,
3050200114, 091018, 122859,   45.7,  5.551,
3050200111, 091018, 122601,   76.1,  4.463,
3050200108, 091018, 122333,  100.0,  2.872,
3050200105, 091018, 122052,  125.2,  2.294,
3060200121, 101218, 131937,    4.6,  4.339,
3060200117, 101218, 131722,   24.1,  4.563,
3060200114, 101218, 131536,   44.4,  4.633,
3060200111, 101218, 131338,   73.0,  4.038,
3060200108, 101218, 131137,   99.3,  3.302,
3060200105, 101218, 130934,  125.7,  1.970,
3060200104, 101218, 130817,  149.8,  1.631,
3070200121, 111618, 131236,    6.8,  4.241,
3070200117, 111618, 130850,   24.0,  4.159,
3070200114, 111618, 130635,   44.3,  4.137,
3070200111, 111618, 130408,   75.8,  4.195,
3070200108, 111618, 130207,   98.9,  3.896,
3070200105, 111618, 125935,  126.1,  2.980,
3070200104, 111618, 125749,  149.8,  2.433,
3090200121, 011519, 124310,    6.8,  5.678,
3090200117, 011519, 124009,   24.2,  5.555,
3090200114, 011519, 123754,   44.7,  5.000,
3090200111, 011519, 123439,   76.0,  4.102,
3090200108, 011519, 123240,  100.6,  3.786,
3090200105, 011519, 123029,  125.3,  2.480,
3100201024, 022119, 073330,    5.2,  4.005,
3100201021, 022119, 073133,   24.4,  4.051,
3100201020, 022119, 073000,   43.9,  4.128,
3100201017, 022119, 072653,   72.9,  4.108,
3100201015, 022119, 072403,   98.3,  4.024,
3100201013, 022119, 072124,  123.4,  2.604,
3110200121, 050219, 124337,    5.0,  5.020,
3110200117, 050219, 124001,   24.7,  5.112,
3110200114, 050219, 123801,   44.5,  4.964,
3110200111, 050219, 123531,   74.9,  4.142,
3110200108, 050219, 123237,   99.7,  3.962,
3110200105, 050219, 123008,  124.7,  3.652,
3110200104, 050219, 122752,  149.6,  3.609,
3120200121, 061119, 142444,    5.2,  4.794,
3120200117, 061119, 142140,   24.3,  5.539,
3120200114, 061119, 141949,   45.0,  6.287,
3120200111, 061119, 141721,   75.1,  6.032,
3120200108, 061119, 141519,   99.4,  4.780,
3120200105, 061119, 141231,  124.4,  3.633,
3130200121, 070119, 123545,    5.4,  5.876,
3130200117, 070119, 123226,   25.1,  6.029,
3130200114, 070119, 122915,   45.5,  6.564,
3130200111, 070119, 122326,   74.7,  7.250,
3130200108, 070119, 121940,   99.5,  3.936,
3130200105, 070119, 121740,  125.1,  2.890,
3130200104, 070119, 121600,  149.8,  3.086,
3140200121, 080219, 124139,    5.2,  6.062,
3140200117, 080219, 123750,   25.1,  6.000,
3140200114, 080219, 123018,   44.9,  6.112,
3140200111, 080219, 122739,   74.1,  5.570,
3140200108, 080219, 122504,   99.0,  4.805,
3140200105, 080219, 122215,  125.3,  3.420,
3140200104, 080219, 121938,  149.5,  2.415,
3150200121, 090419, 123420,    5.3,  6.311,
3150200117, 090419, 123138,   25.3,  6.285,
3150200114, 090419, 122934,   45.0,  6.871,
3150200111, 090419, 122707,   74.5,  5.366,
3150200108, 090419, 122455,   99.7,  4.521,
3150200105, 090419, 122304,  126.2,  3.630,
3160200121, 101719, 122053,    4.6,  4.983,
3160200117, 101719, 121900,   24.7,  5.030,
3160200114, 101719, 121746,   45.1,  5.035,
3160200111, 101719, 121611,   74.6,  3.835,
3160200108, 101719, 121441,  100.4,  3.060,
3160200105, 101719, 121319,  125.0,  2.247,
3160200104, 101719, 121210,  148.9,  2.044,
3170200121, 121919, 130413,    4.7,  3.977,
3170200118, 121919, 130219,   25.0,  3.978,
3170200115, 121919, 130029,   44.6,  3.959,
3170200112, 121919, 125832,   76.1,  3.925,
3170200109, 121919, 125629,  100.9,  3.627,
3170200106, 121919, 125439,  124.2,  2.736,
3180200617, 010820, 132749,    5.1,  3.860,
3180200615, 010820, 132540,   24.4,  3.909,
3180200614, 010820, 132332,   43.6,  3.881,
3180200612, 010820, 132007,   74.5,  3.993,
3180200610, 010820, 131719,   98.8,  3.588,
3180200608, 010820, 131400,  123.9,  2.392,
3190200121, 013020, 131407,    6.8,  4.750,
3190200117, 013020, 131109,   24.3,  4.701,
3190200114, 013020, 130916,   44.4,  4.559,
3190200111, 013020, 130658,   75.1,  3.939,
3190200108, 013020, 130438,  100.0,  3.272,
3190200105, 013020, 130209,  123.7,  2.490,
3200200122, 071420, 125526,    4.4,  4.869,
3200200118, 071420, 125158,   24.6,  4.840,
3200200115, 071420, 124938,   45.0,  6.169,
3200200112, 071420, 124701,   74.8,  4.492,
3200200109, 071420, 124539,   99.5,  4.389,
3200200106, 071420, 124414,  123.9,  4.144,
3200200103, 071420, 124237,  149.2,  2.673,
3210200122, 080720, 125611,    4.6,  5.184,
3210200119, 080720, 125317,   24.3,  5.248,
3210200115, 080720, 125042,   44.2,  4.765,
3210200112, 080720, 124804,   74.6,  4.867,
3210200109, 080720, 124555,   99.3,  4.262,
3210200106, 080720, 124421,  124.5,  3.280,
3210200103, 080720, 124232,  149.3,  2.035,
3220200322, 090220, 130825,    4.7,  5.194,
3220200318, 090220, 130435,   24.6,  5.125,
3220200315, 090220, 130151,   44.5,  5.293,
3220200312, 090220, 125847,   74.6,  5.499,
3220200309, 090220, 125558,   99.9,  4.222,
3220200306, 090220, 125321,  125.2,  3.010,
3220200303, 090220, 125047,  149.7,  2.111,
3230200122, 092620, 131936,    4.2,  6.747,
3230200118, 092620, 131631,   23.2,  4.754,
3230200117, 092620, 131500,   43.3,  4.872,
3230200114, 092620, 131242,   74.0,  5.228,
3230200111, 092620, 130958,   98.7,  3.908,
3230200106, 092620, 130711,  125.0,  2.614,
3230200103, 092620, 130447,  148.7,  2.372,
3240200122, 111820, 125259,    4.3,  4.679,
3240200118, 111820, 125021,   25.6,  4.590,
3240200115, 111820, 124830,   45.0,  4.518,
3240200112, 111820, 124617,   74.2,  4.450,
3240200109, 111820, 124437,   99.5,  2.982,
3240200106, 111820, 124303,  124.8,  2.487,
3250200121, 121820, 125700,    5.5,  3.938,
3250200118, 121820, 125428,   26.0,  3.950,
3250200115, 121820, 125224,   44.9,  3.916,
3250200112, 121820, 125013,   75.7,  3.911,
3250200109, 121820, 124805,  101.5,  2.928,
3250200106, 121820, 124620,  125.4,  2.176,
3250200103, 121820, 124420,  148.6,  1.992,
3260200122, 011221, 124813,    4.4,  3.430,
3260200119, 011221, 124617,   24.8,  3.127,
3260200116, 011221, 124436,   41.9,  3.275,
3260200113, 011221, 124232,   75.4,  3.287,
3260200110, 011221, 124044,   98.9,  3.011,
3260200107, 011221, 123839,  125.0,  2.062,
3260200104, 011221, 123647,  149.7,  1.718,
3270200122, 021621, 124413,    4.5,  3.943,
3270200119, 021621, 124218,   23.9,  4.248,
3270200116, 021621, 124022,   44.2,  3.414,
3270200113, 021621, 123818,   74.4,  3.618,
3270200110, 021621, 123622,  100.6,  3.465,
3270200107, 021621, 123409,  124.7,  3.190,
3280200122, 032321, 131956,    5.4,  3.208,
3280200119, 032321, 131759,   25.5,  3.251,
3280200116, 032321, 131540,   43.9,  3.149,
3280200113, 032321, 131248,   74.2,  3.332,
3280200110, 032321, 131030,  100.3,  3.075,
3280200108, 032321, 130826,  124.9,  2.976,
3280200104, 032321, 130551,  149.4,  3.062,
3290200122, 041321, 125518,    5.6,  3.859,
3290200119, 041321, 125309,   25.5,  4.241,
3290200116, 041321, 125035,   45.1,  4.080,
3290200113, 041321, 124832,   75.0,  3.300,
3290200111, 041321, 124650,   99.7,  3.265,
3290200108, 041321, 124504,  124.2,  1.942,
3290200104, 041321, 124228,  149.5,  1.830,
3300200122, 051621, 130258,    4.5,  4.301,
3300200119, 051621, 130057,   25.1,  4.151,
3300200116, 051621, 125828,   44.2,  4.213,
3300200113, 051621, 125548,   73.5,  3.789,
3300200110, 051621, 125343,   99.3,  3.877,
3300200107, 051621, 125144,  123.8,  2.661,
3300200104, 051621, 124938,  148.7,  2.012,
3320200724, 071721, 125735,    5.1,  4.543,
3320200719, 071721, 125501,   25.4,  4.272,
3320200718, 071721, 125330,   44.6,  4.251,
3320200713, 071721, 125112,   75.3,  3.710,
3320200710, 071721, 124921,  100.8,  3.349,
3320200707, 071721, 124751,  125.5,  2.758,
3330200522, 102921, 130727,    6.7,  4.906,
3330200519, 102921, 130432,   27.0,  5.173,
3330200517, 102921, 130202,   46.8,  5.098,
3330200513, 102921, 125921,   75.7,  4.413,
3330200510, 102921, 125740,  100.1,  3.557,
3330200507, 102921, 125542,  124.8,  2.946,
3330200504, 102921, 125356,  149.4,  2.246,
3340201110, 120721, 130312,    5.8,  4.012,
3340201109, 120721, 130149,   25.0,  4.079,
3340201108, 120721, 130014,   45.0,  4.322,
3340201107, 120721, 125720,   76.7,  4.471,
3340201106, 120721, 125537,  101.0,  3.509,
3340201105, 120721, 125410,  125.2,  2.659,