Hawaii Ocean Time-series : 07-Sep-2023 04:08:56
https://hahana.soest.hawaii.edu/hot/hot-dogs/bextraction.html

botid, date, time, press, pn, 
#, mmddyy, hhmmss, dbar, umol/kg, 
0040200812, 022889, 211837,    5.0,  0.255,
0040200810, 022889, 211542,   42.0,  0.180,
0040200809, 022889, 211414,   71.8,  0.242,
0040200808, 022889, 211234,  100.2,  0.227,
0040200807, 022889, 211106,  126.4,  0.120,
0040200806, 022889, 210941,  148.4,  0.113,
0060200812, 051889, 225802,    1.3,  0.272,
0060200811, 051889, 225524,   20.8,  0.300,
0060200810, 051889, 225259,   40.9,  0.293,
0060200809, 051889, 225112,   73.5,  0.223,
0060200808, 051889, 224937,   98.2,  0.272,
0060200807, 051889, 224811,  125.2,  0.209,
0060200806, 051889, 224640,  149.8,  0.098,
0080201412, 073089, 221704,    7.6,  0.293,
0080201411, 073089, 221553,   27.8,  0.301,
0080201410, 073089, 221444,   47.4,  0.326,
0080201409, 073089, 221321,   76.2,  0.218,
0080201408, 073089, 221202,  105.0,  0.236,
0080201407, 073089, 221049,  129.8,  0.205,
0090201812, 082589, 195735,    6.1,  0.317,
0090201811, 082589, 195537,   26.3,  0.348,
0090201810, 082589, 195429,   46.9,  0.310,
0090201809, 082589, 195311,   77.2,  0.284,
0090201808, 082589, 195155,  103.2,  0.264,
0090201807, 082589, 195041,  130.1,  0.219,
0090202206, -00009, -00009,    7.4,  0.357,
0090202205, -00009, -00009,   49.2,  0.345,
0090202204, -00009, -00009,  106.8,  0.279,
0100201507, 092489, 001828,   78.0,  0.398,
0100201506, 092489, 001704,  104.1,  0.237,
0110201823, 102089, 053844,   25.1,  0.363,
0110201821, 102089, 053720,   45.3,  0.314,
0110201819, 102089, 053606,   75.7,  0.251,
0110201817, 102089, 053433,  101.3,  0.314,
0110201816, 102089, 053318,  128.2,  0.209,
0130201519, 010690, 214655,    4.9,  0.181,
0130201516, 010690, 214417,   25.5,  0.204,
0130201515, 010690, 214402,   25.4,  0.175,
0130201514, 010690, 214350,   25.6,  0.203,
0130201513, 010690, 214225,   46.1,  0.216,
0130201512, 010690, 214113,   75.6,  0.192,
0130201511, 010690, 213954,  102.1,  0.109,
0130201509, 010690, 213923,  102.0,  0.096,
0130201508, 010690, 213756,  126.7,  0.084,
0140200218, 021590, 003816,    6.4,  0.258,
0140200217, 021590, 003705,   25.6,  0.251,
0140200216, 021590, 003603,   45.9,  0.272,
0140200215, 021590, 003452,   76.1,  0.279,
0140200213, 021590, 003215,  125.9,  0.153,
0150201814, 032190, 030808,    4.7,  0.286,
0150201812, 032190, 030437,   24.6,  0.279,
0150201811, 032190, 030335,   44.2,  0.286,
0150201810, 032190, 030223,   73.7,  0.300,
0150201809, 032190, 030058,  104.3,  0.272,
0150201808, 032190, 025913,  128.9,  0.153,
0160200417, 041390, 000102,    6.4,  0.300,
0160200416, 041390, 000045,    6.3,  0.307,
0160200415, 041290, 235910,    6.3,  0.314,
0160200414, 041290, 235849,   31.1,  0.307,
0160200413, 041290, 235722,   31.0,  0.314,
0160200412, 041290, 235538,   45.6,  0.293,
0160200411, 041290, 235402,   75.7,  0.230,
0160200410, 041290, 235230,  101.5,  0.216,
0160200407, 041290, 234928,  143.2,  0.174,
0170201112, 050990, 215906,    8.2,  0.321,
0170201111, 050990, 215803,   28.0,  0.370,
0170201110, 050990, 215657,   48.8,  0.335,
0170201109, 050990, 215537,   79.6,  0.321,
0170201108, 050990, 215422,  105.3,  0.300,
0170201107, 050990, 215236,  130.7,  0.167,
0180200412, 061390, 041349,   11.5,  0.300,
0180200411, 061390, 041251,   27.3,  0.314,
0180200410, 061390, 041150,   47.4,  0.342,
0180200409, 061390, 041019,   78.1,  0.307,
0180200408, 061390, 040909,  104.0,  0.237,
0180200407, 061390, 040755,  129.4,  0.258,
0190201213, 072690, 030649,    6.0,  0.384,
0190201211, 072690, 030419,   27.0,  0.370,
0190201210, 072690, 030244,   46.3,  0.349,
0190201208, 072690, 025931,  102.3,  0.293,
0190201207, 072690, 025715,  130.5,  0.153,
0220200923, 121890, 231423,    6.6,  0.237,
0220200922, 121890, 231207,   28.5,  0.244,
0220200921, 121890, 231056,   45.7,  0.237,
0220200920, 121890, 230926,   76.5,  0.237,
0220200919, 121890, 230758,  102.0,  0.206,
0220200914, 121890, 230319,  128.3,  0.139,
0230200617, 020491, 014603,    6.9,  0.209,
0230200616, 020491, 014450,   26.6,  0.188,
0230200615, 020491, 014433,   26.6,  0.181,
0230200614, 020491, 014325,   46.5,  0.195,
0230200613, 020491, 014204,   76.2,  0.188,
0230200612, 020491, 014038,  105.7,  0.167,
0230200611, 020491, 014021,  105.7,  0.174,
0230200610, 020491, 013856,  129.7,  0.132,
0240200322, 030791, 191250,   14.9,  0.279,
0240200321, 030791, 191113,   30.8,  0.265,
0240200319, 030791, 190833,   48.0,  0.230,
0240200317, 030791, 190535,   77.9,  0.244,
0240200315, 030791, 190202,  106.7,  0.230,
0240200313, 030791, 185908,  127.4,  0.230,
0250200315, 041091, 020033,    7.6,  0.279,
0250200314, 041091, 015859,   28.8,  0.286,
0250200313, 041091, 015800,   47.9,  0.300,
0250200312, 041091, 015644,   77.3,  0.265,
0250200311, 041091, 015538,  101.6,  0.293,
0250200310, 041091, 015445,  111.4,  0.286,
0250200309, 041091, 015356,  118.7,  0.251,
0250200308, 041091, 015302,  129.2,  0.237,
0250201107, 041191, 020519,   13.0,  0.300,
0250201106, 041191, 020505,   13.1,  0.272,
0250201105, 041191, 020435,   13.1,  0.279,
0250201104, 041191, 020422,   12.9,  0.265,
0260200511, 050891, 184247,   79.0,  0.411,
0260200510, 050891, 184125,  105.2,  0.335,
0260200508, 050891, 183910,  129.9,  0.314,
0270200314, 060491, 225147,   26.2,  0.265,
0270200313, 060491, 225048,   48.5,  0.272,
0270200312, 060491, 224938,   78.5,  0.453,
0270200310, 060491, 224755,  103.3,  0.209,
0270200309, 060491, 224703,  119.1,  0.272,
0270200308, 060491, 224609,  128.7,  0.098,
0270200307, 060491, 224517,  140.9,  0.105,
0270200414, 060591, 013352,  130.6,  0.418,
0280200311, 071091, 001219,   27.1,  0.425,
0280200310, 071091, 001115,   49.1,  0.481,
0280200309, 071091, 000953,   78.1,  0.453,
0280200308, 071091, 000840,  106.1,  0.300,
0280200307, 071091, 000728,  128.9,  0.453,
0290200316, 081091, 005214,    8.3,  0.265,
0290200315, 081091, 005100,   24.0,  0.370,
0290200314, 081091, 004950,   44.6,  0.286,
0290200313, 081091, 004843,   62.7,  0.404,
0290200312, 081091, 004715,   80.1,  0.314,
0290200311, 081091, 004557,  102.6,  0.153,
0290200310, 081091, 004412,  144.4,  0.139,
0300200319, 091791, 232634,   27.0,  0.397,
0310200720, 102191, 180622,    6.7,  0.265,
0310200718, 102191, 180441,   26.2,  0.335,
0310200716, 102191, 180311,   46.2,  0.244,
0310200714, 102191, 180128,   76.9,  0.307,
0310200712, 102191, 175955,  101.5,  0.293,
0310200711, 102191, 175834,  122.0,  0.230,
0310200710, 102191, 175733,  127.1,  0.230,
0320200317, 120691, 012740,    6.8,  0.286,
0330200613, -00009, -00009,   25.8,  0.286,
0330200612, -00009, -00009,   46.1,  0.279,
0330200611, -00009, -00009,   76.3,  0.279,
0330200610, -00009, -00009,  100.4,  0.293,
0330200609, -00009, -00009,  126.5,  0.216,
0340200623, 021492, 182033,   27.2,  0.307,
0340200622, 021492, 181928,   47.4,  0.220,
0340200621, 021492, 181829,   78.1,  0.181,
0340200620, 021492, 181716,   83.5,  0.188,
0340200618, 021492, 181534,  124.3,  0.028,
0340200616, 021492, 181346,  134.2,  0.042,
0350200520, -00009, -00009,    5.6,  0.209,
0350200519, -00009, -00009,   26.2,  0.206,
0350200518, -00009, -00009,   46.6,  0.153,
0350200517, -00009, -00009,   76.3,  0.202,
0350200516, -00009, -00009,  102.6,  0.230,
0350200515, -00009, -00009,  120.6,  0.105,
0350200514, -00009, -00009,  122.6,  0.132,
0350200513, -00009, -00009,  128.0,  0.112,
0350200512, -00009, -00009,  135.9,  0.119,
0350200511, -00009, -00009,  141.1,  0.251,
0350200510, -00009, -00009,  146.4,  0.251,
0360200312, -00009, -00009,    7.1,  0.349,
0360200311, -00009, -00009,   28.5,  0.363,
0360200310, -00009, -00009,   49.2,  0.376,
0360200309, -00009, -00009,   78.2,  0.467,
0360200308, -00009, -00009,  101.5,  0.523,
0360200307, -00009, -00009,  127.1,  0.579,
0360201220, -00009, -00009,    7.5,  0.474,
0360201215, -00009, -00009,   27.9,  0.739,
0370200722, 060992, 175225,    8.6,  0.202,
0370200721, 060992, 175125,   28.5,  0.234,
0370200720, 060992, 175014,   47.5,  0.223,
0370200719, 060992, 174857,   77.4,  0.223,
0370200718, 060992, 174745,  103.7,  0.185,
0370200717, 060992, 174631,  129.0,  0.216,
0380200318, 070492, 234736,   25.5,  0.293,
0380200317, 070492, 234640,   25.6,  0.279,
0380200315, 070492, 234325,   73.2,  0.390,
0380200313, 070492, 234110,  101.1,  0.307,
0380200312, 070492, 233924,  124.5,  0.216,
0380200311, 070492, 233822,  129.4,  0.286,
0380200310, 070492, 233722,  134.3,  0.195,
0380200309, 070492, 233613,  140.2,  0.139,
0380201112, 070592, 222058,   50.9,  0.397,
0380201111, 070592, 222045,   50.8,  0.537,
0380201110, 070592, 222033,   50.7,  0.376,
0380201107, 070592, 221627,  135.8,  0.195,
0380201106, 070592, 221614,  135.8,  0.153,
0380201105, 070592, 221603,  135.8,  0.167,
0390201415, -00009, -00009,    9.6,  0.384,
0390201414, 080692, 144124,   29.6,  0.377,
0390201413, 080692, 144027,   49.1,  0.411,
0390201412, 080692, 143912,   79.3,  0.349,
0390201410, 080692, 143641,  104.4,  0.363,
0390201409, 080692, 143602,  128.6,  0.192,
0400200423, -00009, -00009,    6.6,  0.418,
0400200420, -00009, -00009,   25.6,  0.464,
0400200417, -00009, -00009,   44.5,  0.411,
0400200414, -00009, -00009,   75.7,  0.397,
0400200413, -00009, -00009,  100.4,  0.387,
0400200412, -00009, -00009,  120.0,  0.363,
0400200411, -00009, -00009,  125.2,  0.342,
0400200410, -00009, -00009,  130.1,  0.321,
0400200409, -00009, -00009,  135.1,  0.397,
0400200408, -00009, -00009,  140.3,  0.383,
0410200424, -00009, -00009,    2.8,  0.502,
0410200423, -00009, -00009,    6.5,  0.383,
0410200422, -00009, -00009,   10.4,  0.390,
0410200421, -00009, -00009,   15.4,  0.383,
0410200420, -00009, -00009,   20.4,  0.383,
0410200419, -00009, -00009,   25.3,  0.453,
0410200418, -00009, -00009,   30.4,  0.474,
0410200417, -00009, -00009,   40.6,  0.481,
0410200413, -00009, -00009,   76.4,  0.404,
0410200412, -00009, -00009,   91.6,  0.335,
0410200411, -00009, -00009,  100.8,  0.220,
0410200410, -00009, -00009,  105.7,  0.244,
0410200409, -00009, -00009,  110.8,  0.216,
0410200408, -00009, -00009,  119.9,  0.202,
0410200407, -00009, -00009,  125.4,  0.181,
0410200406, -00009, -00009,  149.7,  0.153,
0410201712, -00009, -00009,   99.9,  0.209,
0420200412, -00009, -00009,    5.0,  0.384,
0420200411, -00009, -00009,   45.0,  0.411,
0420200410, -00009, -00009,   80.0,  0.404,
0420200409, -00009, -00009,  100.0,  0.275,
0420200408, -00009, -00009,  150.0,  0.132,
0420200511, -00009, -00009,   25.0,  0.453,
0420200510, -00009, -00009,   60.0,  0.418,
0420200506, -00009, -00009,  110.0,  0.342,
0420200505, -00009, -00009,  125.0,  0.258,
0430200812, -00009, -00009,    5.0,  0.321,
0430200811, -00009, -00009,   25.0,  0.418,
0430200810, -00009, -00009,   45.0,  0.363,
0430200809, -00009, -00009,   75.0,  0.342,
0430200808, -00009, -00009,  100.0,  0.307,
0430200807, -00009, -00009,  125.0,  0.174,
0430200805, -00009, -00009,  150.0,  0.153,
0440200912, 012093, 232643,    4.3,  0.279,
0440200911, 012093, 232519,   25.0,  0.314,
0440200910, 012093, 232406,   45.1,  0.307,
0440200909, 012093, 232239,   72.6,  0.321,
0440200908, 012093, 232103,   99.8,  0.268,
0440200907, 012093, 231939,  120.6,  0.244,
0440200906, 012093, 231812,  145.5,  0.146,
0450200320, 021693, 223819,    6.8,  0.356,
0450200319, 021693, 223633,   24.6,  0.366,
0450200318, 021693, 223505,   44.8,  0.397,
0450200317, 021693, 223332,   60.3,  0.390,
0450200316, 021693, 223224,   65.0,  0.418,
0450200315, 021693, 223109,   71.0,  0.383,
0450200314, 021693, 222956,   75.0,  0.356,
0450200313, 021693, 222832,   80.3,  0.216,
0450200312, 021693, 222656,   95.2,  0.188,
0450200311, 021693, 222523,  100.5,  0.178,
0450200310, 021693, 222400,  105.4,  0.181,
0450200309, 021693, 222209,  125.2,  0.139,
0460200518, 041493, 153805,    5.5,  0.390,
0460200517, 041493, 153609,   28.6,  0.383,
0460200516, 041493, 153552,   28.0,  0.370,
0460200515, 041493, 153424,   44.8,  0.342,
0460200514, 041493, 153242,   74.6,  0.335,
0460200513, 041493, 153121,   89.7,  0.342,
0460200512, 041493, 153020,   99.8,  0.397,
0460200511, 041493, 152950,   99.8,  0.390,
0460200510, 041493, 152845,  109.0,  0.411,
0460200509, 041493, 152737,  126.0,  0.314,
0460200508, 041493, 152555,  140.5,  0.300,
0460200507, 041493, 152454,  148.2,  0.188,
0470200618, 052093, 172422,    7.2,  0.300,
0470200616, 052093, 172117,   27.5,  0.307,
0470200615, 052093, 171923,   48.2,  0.237,
0470200614, 052093, 171816,   48.2,  0.286,
0470200613, 052093, 171634,   78.7,  0.300,
0470200612, 052093, 171539,   78.8,  0.293,
0470200611, 052093, 171336,  103.8,  0.307,
0470200610, 052093, 171148,  121.3,  0.265,
0490200422, 091393, 224029,    7.0,  0.300,
0490200421, 091393, 223826,   25.5,  0.314,
0490200420, 091393, 223810,   25.2,  0.314,
0490200419, 091393, 223611,   47.0,  0.314,
0490200418, 091393, 223349,   76.8,  0.342,
0490200417, 091393, 223136,   98.7,  0.300,
0490200416, 091393, 223114,   98.8,  0.335,
0490200413, 091393, 222501,  122.5,  0.244,
0490200409, 091393, 221919,  149.4,  0.167,
0500200418, 102993, 023037,    7.3,  0.662,
0500200417, 102993, 022904,   27.4,  0.383,
0500200416, 102993, 022721,   50.1,  0.523,
0500200415, 102993, 022605,   55.9,  0.383,
0500200414, 102993, 022448,   74.0,  0.432,
0500200413, 102993, 022336,   90.6,  0.439,
0500200412, 102993, 022230,  100.4,  0.363,
0500200411, 102993, 022126,  104.8,  0.641,
0500200410, 102993, 022011,  109.5,  0.432,
0500200409, 102993, 021838,  113.9,  0.453,
0500200408, 102993, 021716,  125.2,  0.593,
0510200823, 012094, 212030,    6.9,  0.230,
0510200822, 012094, 211822,   12.6,  0.237,
0510200821, 012094, 211704,   27.6,  0.223,
0510200820, 012094, 211544,   46.4,  0.244,
0510200818, 012094, 211311,   62.8,  0.216,
0510200817, 012094, 211133,   72.9,  0.223,
0510200816, 012094, 211001,   84.9,  0.084,
0510200815, 012094, 210831,   99.3,  0.237,
0510200814, 012094, 210723,  116.2,  0.160,
0510201624, 012194, 231545,    6.8,  0.258,
0510201621, 012194, 231242,   25.5,  0.300,
0510201619, 012194, 231101,   53.4,  0.237,
0510201617, 012194, 230914,   76.9,  0.251,
0510201613, 012194, 230627,  101.1,  0.153,
0510201611, 012194, 230558,  101.8,  0.091,
0510201610, 012194, 230542,  101.9,  0.167,
0510201608, 012194, 230339,  127.1,  0.125,
0520200924, 021794, 195707,    5.5,  0.307,
0520200923, 021794, 195548,   25.2,  0.314,
0520200922, 021794, 195427,   44.8,  0.293,
0520200920, 021794, 194920,   69.8,  0.272,
0520200918, 021794, 194735,   74.8,  0.293,
0520200916, 021794, 194523,  100.1,  0.254,
0520200914, 021794, 194326,  126.3,  0.227,
0520200912, 021794, 194112,  149.8,  0.202,
0530201124, 030994, 205953,    5.6,  0.272,
0530201122, 030994, 205750,   25.4,  0.279,
0530201121, 030994, 205630,   45.6,  0.272,
0530201117, 030994, 205254,   75.3,  0.314,
0530201115, 030994, 205116,  100.6,  0.279,
0530201114, 030994, 204956,  126.2,  0.258,
0530201113, 030994, 204824,  140.8,  0.244,
0530201111, 030994, 204649,  147.1,  0.209,
0540200716, 061994, 045935,   25.5,  0.265,
0540200714, 061994, 045742,   46.3,  0.268,
0540200713, 061994, 045628,   49.2,  0.300,
0540200712, 061994, 045439,   75.0,  0.307,
0540200710, 061994, 045315,  113.9,  0.279,
0540200709, 061994, 045200,  132.9,  0.300,
0550200815, 072594, 211726,    4.8,  0.335,
0550200814, 072594, 211614,   25.3,  0.303,
0550200813, 072594, 211513,   46.0,  0.390,
0550200812, 072594, 211344,   75.2,  0.335,
0550200811, 072594, 211235,   90.3,  0.342,
0550200810, 072594, 211158,  100.5,  0.321,
0550200809, 072594, 211036,  110.7,  0.314,
0550200808, 072594, 210942,  125.6,  0.286,
0560200817, 083094, 162541,    4.7,  0.711,
0560200816, 083094, 162421,   25.2,  0.345,
0560200815, 083094, 162318,   44.5,  0.349,
0560200814, 083094, 162146,   75.2,  0.425,
0560200813, 083094, 162021,   94.2,  0.376,
0560200812, 083094, 161927,  100.4,  0.321,
0560200811, 083094, 161822,  104.7,  0.328,
0560200810, 083094, 161732,  109.7,  0.321,
0560200809, 083094, 161649,  114.8,  0.265,
0560200808, 083094, 161544,  125.0,  0.237,
0560200807, 083094, 161419,  149.8,  0.174,
0560201113, 083194, 012530,    5.5,  0.321,
0560201110, 083194, 012312,   24.7,  0.363,
0560201109, 083194, 012148,   45.4,  0.286,
0560201108, 083194, 012042,   76.1,  0.328,
0560201107, 083194, 011926,  101.5,  0.300,
0560201106, 083194, 011809,  125.6,  0.265,
0570200716, 092394, 165913,    5.5,  0.314,
0570200715, 092394, 165731,   24.7,  0.324,
0570200714, 092394, 165601,   45.6,  0.335,
0570200713, 092394, 165440,   75.1,  0.328,
0570200712, 092394, 165321,   99.5,  0.286,
0570200711, 092394, 165227,  109.9,  0.300,
0570200710, 092394, 165123,  114.5,  0.307,
0570200709, 092394, 165026,  119.6,  0.314,
0570200708, 092394, 164928,  125.0,  0.286,
0570200707, 092394, 164828,  129.6,  0.237,
0580200319, 101594, 010049,    5.0,  0.272,
0580200318, 101594, 005924,   25.6,  0.289,
0580200317, 101594, 005812,   45.2,  0.272,
0580200313, 101594, 005519,   75.3,  0.300,
0580200312, 101594, 005412,  100.1,  0.303,
0580200311, 101594, 005327,  105.2,  0.286,
0580200310, 101594, 005245,  109.3,  0.265,
0580200309, 101594, 005135,  115.9,  0.251,
0580200308, 101594, 005048,  120.2,  0.258,
0580200307, 101594, 005009,  125.1,  0.230,
0580200306, 101594, 004858,  149.8,  0.112,
0590200123, 111994, 195457,    5.6,  0.223,
0590200120, 111994, 195223,   25.4,  0.195,
0590200119, 111994, 195031,   45.3,  0.293,
0590200111, 111994, 194546,   76.2,  0.293,
0590200110, 111994, 194411,   93.8,  0.237,
0590200109, 111994, 194239,  110.8,  0.220,
0590200108, 111994, 194104,  127.6,  0.160,
0600200316, -00009, -00009,    4.4,  0.307,
0600200315, -00009, -00009,   24.4,  0.338,
0600200313, -00009, -00009,   73.5,  0.286,
0600200312, -00009, -00009,  101.1,  0.300,
0600200311, -00009, -00009,  110.2,  0.258,
0600200310, -00009, -00009,  119.3,  0.237,
0600200309, -00009, -00009,  123.3,  0.237,
0600200308, -00009, -00009,  128.9,  0.237,
0600200307, -00009, -00009,  139.0,  0.174,
0600200306, -00009, -00009,  147.5,  0.126,
0610200713, 030495, 173826,    4.8,  0.216,
0610200712, 030495, 173708,   25.2,  0.206,
0610200711, 030495, 173601,   46.0,  0.230,
0610200710, 030495, 173448,   74.9,  0.202,
0610200709, 030495, 173317,  102.9,  0.209,
0610200708, 030495, 173109,  127.3,  0.132,
0610200707, 030495, 172947,  147.1,  0.105,
0610200812, 030495, 203014,   25.0,  0.272,
0610200811, 030495, 202824,   45.4,  0.230,
0620200316, 040695, 010405,    5.3,  0.698,
0620200315, 040695, 010230,   24.7,  0.600,
0620200314, 040695, 010104,   45.1,  0.432,
0620200313, 040695, 005928,   75.3,  0.391,
0620200312, 040695, 005750,   99.4,  0.411,
0620200311, 040695, 005639,  109.5,  0.349,
0620200310, 040695, 005520,  124.9,  0.335,
0620200309, 040695, 005350,  140.1,  0.258,
0620200308, 040695, 005242,  149.9,  0.223,
0630200321, 050795, 025750,    4.7,  0.328,
0630200318, 050795, 025610,   25.0,  0.289,
0630200317, 050795, 025454,   44.9,  0.307,
0630200314, 050795, 025233,  100.9,  0.289,
0630200313, 050795, 025111,  125.6,  0.181,
0630200418, 050795, 055932,   74.8,  0.237,
0640200117, 072995, 190626,   99.9,  0.509,
0640200115, 072995, 190314,  125.1,  0.328,
0640200114, 072995, 190132,  149.6,  0.167,
0650200716, 082895, 162953,    4.7,  0.300,
0650200715, 082895, 162851,    9.8,  0.300,
0650200714, 082895, 162736,   24.5,  0.324,
0650200713, 082895, 162611,   44.1,  0.342,
0650200712, 082895, 162458,   59.3,  0.383,
0650200711, 082895, 162346,   74.4,  0.349,
0650200710, 082895, 162118,   91.3,  0.272,
0650200709, 082895, 161950,  108.4,  0.279,
0650200708, 082895, 161806,  129.2,  0.209,
0650200707, 082895, 161615,  139.7,  0.153,
0650200706, 082895, 161513,  149.8,  0.105,
0660201020, 092795, 215206,    4.2,  0.251,
0660201018, 092795, 215045,   24.8,  0.282,
0660201017, 092795, 214934,   45.2,  0.307,
0660201016, 092795, 214817,   74.0,  0.335,
0660201014, 092795, 214644,  100.0,  0.328,
0660201013, 092795, 214525,  124.6,  0.223,
0660201011, 092795, 214356,  149.4,  0.112,
0670200316, 102695, 205029,    5.1,  0.356,
0670200315, 102695, 204918,   25.0,  0.310,
0670200314, 102695, 204814,   44.7,  0.356,
0670200313, 102695, 204657,   75.3,  0.321,
0670200312, 102695, 204542,   89.3,  0.286,
0670200311, 102695, 204448,   99.5,  0.279,
0670200310, 102695, 204354,  104.1,  0.272,
0670200309, 102695, 204256,  114.6,  0.209,
0670200308, 102695, 204152,  124.5,  0.153,
0670200307, 102695, 204041,  149.3,  0.126,
0680200319, 111695, 205113,    4.3,  0.314,
0680200315, 111695, 204837,   25.1,  0.328,
0680200313, 111695, 204738,   44.8,  0.237,
0680200312, 111695, 204638,   74.5,  0.279,
0680200311, 111695, 204530,   93.8,  0.251,
0680200309, 111695, 204441,   99.3,  0.258,
0680200308, 111695, 204348,  110.3,  0.195,
0680200307, 111695, 204252,  124.6,  0.153,
0680200306, 111695, 204148,  149.9,  0.105,
0680200416, 111695, 235314,   25.2,  0.328,
0680200414, 111695, 235156,   44.7,  0.342,
0680200410, 111695, 234803,   99.2,  0.303,
0680201124, 111795, 205632,    4.6,  0.321,
0680201121, 111795, 205436,   24.6,  0.488,
0680201119, 111795, 205329,   44.9,  0.293,
0680201117, 111795, 205154,   74.2,  0.279,
0680201115, 111795, 205018,  104.7,  0.251,
0690200318, 011696, 200208,    4.5,  0.391,
0690200317, 011696, 200041,   24.0,  0.359,
0690200316, 011696, 195856,   43.6,  0.397,
0690200315, 011696, 195638,   74.8,  0.349,
0690200314, 011696, 195517,   84.2,  0.363,
0690200313, 011696, 195414,   89.1,  0.370,
0690200312, 011696, 195244,   94.1,  0.356,
0690200311, 011696, 195144,   99.2,  0.248,
0690200310, 011696, 195050,  104.4,  0.251,
0690200309, 011696, 194859,  125.5,  0.202,
0690200307, 011696, 194635,  150.0,  0.139,
0700200319, 032696, 231232,    5.2,  0.258,
0700200318, 032696, 231044,   24.7,  0.307,
0700200315, 032696, 230734,   44.3,  0.370,
0700200314, 032696, 230556,   74.7,  0.321,
0700200313, 032696, 230414,  100.1,  0.307,
0700200310, 032696, 230000,  125.1,  0.171,
0700200309, 032696, 225830,  148.6,  0.153,
0700201523, 032896, 141605,    8.9,  0.457,
0700201520, 032896, 141007,   59.6,  0.349,
0700201519, 032896, 140831,   74.3,  0.662,
0710200315, 042396, 215217,    4.6,  0.439,
0710200314, 042396, 215113,   25.0,  0.408,
0710200313, 042396, 215011,   44.9,  0.363,
0710200312, 042396, 214907,   74.6,  0.335,
0710200311, 042396, 214811,   99.6,  0.293,
0710200310, 042396, 214719,  124.2,  0.293,
0710200309, 042396, 214633,  134.3,  0.188,
0720200313, 052296, 085905,    4.4,  0.314,
0720200312, 052296, 085734,   24.8,  0.317,
0720200311, 052296, 085622,   45.0,  0.314,
0720200310, 052296, 085454,   74.3,  0.272,
0720200309, 052296, 085327,   99.2,  0.237,
0720200308, 052296, 085214,  104.7,  0.272,
0720200307, 052296, 085018,  129.8,  0.251,
0720200306, 052296, 084750,  149.4,  0.167,
0730200314, 062596, 215724,    4.7,  0.335,
0730200313, 062596, 215526,   25.4,  0.363,
0730200312, 062596, 215344,   44.9,  0.377,
0730200311, 062596, 215212,   74.5,  0.439,
0730200310, 062596, 215042,   99.3,  0.446,
0730200309, 062596, 214924,  124.7,  0.324,
0730200308, 062596, 214800,  140.2,  0.265,
0730200307, 062596, 214654,  149.3,  0.209,
0740200312, 072696, 215000,    4.3,  0.342,
0740200311, 072696, 214848,   24.1,  0.335,
0740200310, 072696, 214726,   45.5,  0.405,
0740200309, 072696, 214600,   74.3,  0.390,
0740200308, 072696, 214440,   99.6,  0.282,
0740200307, 072696, 214314,  124.5,  0.258,
0740200306, 072696, 214136,  149.5,  0.174,
0750200315, 082096, 225432,    5.0,  0.300,
0750200314, 082096, 225332,   24.6,  0.324,
0750200313, 082096, 225220,   44.7,  0.342,
0750200312, 082096, 225106,   74.5,  0.265,
0750200311, 082096, 225000,   89.9,  0.244,
0750200310, 082096, 224854,   99.7,  0.279,
0750200309, 082096, 224758,  109.6,  0.223,
0750200308, 082096, 224700,  119.4,  0.185,
0750200307, 082096, 224610,  130.1,  0.160,
0750200306, 082096, 224500,  149.2,  0.112,
0760200319, 100196, 215238,    3.9,  0.328,
0760200318, 100196, 215132,   23.7,  0.331,
0760200317, 100196, 215028,   43.4,  0.335,
0760200316, 100196, 214920,   74.5,  0.307,
0760200314, 100196, 214738,   99.6,  0.265,
0760200313, 100196, 214646,  109.1,  0.199,
0760200312, 100196, 214536,  124.0,  0.174,
0760200310, 100196, 214414,  149.4,  0.112,
0770200723, 103096, 155547,    4.1,  0.300,
0770200721, 103096, 155433,   24.7,  0.282,
0770200719, 103096, 155253,   44.6,  0.307,
0770200717, 103096, 155111,   73.6,  0.342,
0770200715, 103096, 154939,   98.4,  0.338,
0770200713, 103096, 154755,  124.5,  0.237,
0780200323, 121096, 235539,    4.1,  0.167,
0780200321, 121096, 235429,   23.9,  0.192,
0780200319, 121096, 235312,   44.3,  0.167,
0780200317, 121096, 235138,   74.7,  0.195,
0780200315, 121096, 235000,  100.0,  0.178,
0780200313, 121096, 234832,  124.1,  0.091,
0790200312, 010797, 225819,    5.0,  0.241,
0790200311, 010797, 225701,   24.8,  0.251,
0790200310, 010797, 225545,   44.6,  0.230,
0790200309, 010797, 225419,   74.4,  0.279,
0790200308, 010797, 225227,  101.2,  0.195,
0790200307, 010797, 225105,  125.1,  0.132,
0790200306, 010797, 224957,  149.7,  0.098,
0800200316, 021797, 215936,    5.2,  0.265,
0800200315, 021797, 215822,   25.3,  0.268,
0800200314, 021797, 215716,   44.1,  0.314,
0800200313, 021797, 215604,   74.5,  0.230,
0800200312, 021797, 215452,   99.8,  0.279,
0800200311, 021797, 215400,  115.3,  0.286,
0800200310, 021797, 215304,  119.6,  0.258,
0800200309, 021797, 215154,  124.1,  0.230,
0810200313, 031197, 225107,    4.5,  0.237,
0810200312, 031197, 225005,   24.4,  0.300,
0810200311, 031197, 224845,   44.7,  0.310,
0810200309, 031197, 224721,   74.7,  0.272,
0810200308, 031197, 224609,   99.5,  0.244,
0810200307, 031197, 224447,  119.6,  0.153,
0810200306, 031197, 224327,  149.5,  0.112,
0820200311, 040897, 215434,   25.4,  0.303,
0820200309, 040897, 215154,   75.3,  0.335,
0820200308, 040897, 215028,   99.6,  0.356,
0820200307, 040897, 214844,  125.3,  0.237,
0830200312, 050697, 220323,    4.2,  0.209,
0830200311, 050697, 220215,   24.2,  0.307,
0830200310, 050697, 220115,   44.9,  0.279,
0830200309, 050697, 215957,   74.5,  0.223,
0830200308, 050697, 215855,   99.3,  0.282,
0830200307, 050697, 215749,  124.9,  0.216,
0840200314, 060397, 215415,    4.7,  0.279,
0840200313, 060397, 215307,   25.0,  0.328,
0840200312, 060397, 215157,   45.0,  0.293,
0840200311, 060397, 215039,   75.0,  0.321,
0840200310, 060397, 214919,  100.0,  0.317,
0840200308, 060397, 214653,  139.4,  0.209,
0840200307, 060397, 214527,  148.8,  0.091,
0840200409, 060497, 004554,  125.1,  0.314,
0850200314, 070897, 230257,   24.5,  0.258,
0850200313, 070897, 230145,   44.4,  0.237,
0850200312, 070897, 230037,   74.2,  0.272,
0850200311, 070897, 225933,   99.8,  0.265,
0850200308, 070897, 225647,  150.0,  0.244,
0860201124, 080397, 110456,    4.1,  0.363,
0860201122, 080397, 110234,   25.2,  0.373,
0860201121, 080397, 110059,   45.6,  0.383,
0860201120, 080397, 105902,   74.9,  0.342,
0860201118, 080397, 105656,  100.2,  0.261,
0860201114, 080397, 105332,  125.3,  0.132,
0870200418, 092597, 145743,    5.0,  0.356,
0870200417, 092597, 145625,   24.3,  0.349,
0870200416, 092597, 145523,   44.0,  0.390,
0870200415, 092597, 145353,   74.8,  0.411,
0870200412, 092597, 145153,   99.6,  0.383,
0870200411, 092597, 145021,  126.5,  0.328,
0880200412, 120597, 105747,    4.9,  0.390,
0880200411, 120597, 105627,   25.5,  0.394,
0880200410, 120597, 105511,   43.6,  0.349,
0880200409, 120597, 105344,   75.3,  0.370,
0880200408, 120597, 105221,  100.2,  0.383,
0880200407, 120597, 105057,  125.2,  0.244,
0880200406, 120597, 104923,  149.4,  0.139,
0890200312, 011098, 215612,    5.4,  0.279,
0890200311, 011098, 215402,   25.0,  0.241,
0890200310, 011098, 215248,   47.1,  0.272,
0890200308, 011098, 215026,  101.0,  0.265,
0890200307, 011098, 214910,  125.3,  0.181,
0890200409, 011198, 005226,   75.2,  0.237,
0900200312, 021898, 235432,    5.1,  0.230,
0900200311, 021898, 235258,   25.2,  0.300,
0900200310, 021898, 235142,   45.3,  0.265,
0900200309, 021898, 235018,   74.8,  0.230,
0900200308, 021898, 234902,   99.7,  0.303,
0900200307, 021898, 234742,  125.3,  0.139,
0900200306, 021898, 234622,  149.4,  0.112,
0910200312, 031798, 224820,    5.4,  0.272,
0910200311, 031798, 224650,   24.8,  0.237,
0910200310, 031798, 224520,   44.6,  0.286,
0910200309, 031798, 224350,   74.3,  0.307,
0910200308, 031798, 224220,   99.6,  0.286,
0910200307, 031798, 224050,  125.7,  0.202,
0920200112, 041498, 152638,    5.1,  0.265,
0920200111, 041498, 152516,   25.5,  0.293,
0920200106, 041498, 151646,  150.0,  0.230,
0930200313, 051298, 220218,    5.2,  0.237,
0930200312, 051298, 220103,   24.8,  0.258,
0930200311, 051298, 215948,   44.9,  0.258,
0930200310, 051298, 215833,   74.5,  0.265,
0930200309, 051298, 215733,   99.2,  0.247,
0930200308, 051298, 215603,  124.8,  0.300,
0940200812, 061798, 225403,    4.9,  0.279,
0940200811, 061798, 225231,   24.6,  0.300,
0940200810, 061798, 225105,   45.0,  0.321,
0940200809, 061798, 224939,   75.1,  0.321,
0940200808, 061798, 224758,  109.8,  0.247,
0940200807, 061798, 224646,  124.9,  0.258,
0940200806, 061798, 224528,  149.1,  0.132,
0950200812, 071598, 225513,    4.5,  0.272,
0950200811, 071598, 225333,   25.4,  0.279,
0950200810, 071598, 225204,   44.9,  0.342,
0950200809, 071598, 225029,   75.3,  0.272,
0950200808, 071598, 224859,   99.4,  0.230,
0950200807, 071598, 224714,  125.7,  0.237,
0960200117, 081098, 010548,    5.2,  0.404,
0960200111, 081098, 010255,   25.2,  0.411,
0960200110, 081098, 010131,   45.3,  0.404,
0960200109, 081098, 010000,   74.9,  0.244,
0960200108, 081098, 005810,  100.1,  0.195,
0960200107, 081098, 005645,  125.1,  0.119,
0960200106, 081098, 005516,  149.4,  0.084,
0970200117, 092898, 014827,    5.2,  0.328,
0970200112, 092898, 014652,   25.6,  0.335,
0970200111, 092898, 014507,   75.4,  0.307,
0970200110, 092898, 014502,   75.4,  0.328,
0970200109, 092898, 014352,  100.1,  0.261,
0970200108, 092898, 014242,  125.1,  0.237,
0970200107, 092898, 014132,  149.9,  0.119,
0980200319, 101898, 230128,    5.6,  0.300,
0980200317, 101898, 225920,   25.2,  0.303,
0980200313, 101898, 225735,   44.9,  0.265,
0980200311, 101898, 225548,   75.5,  0.272,
0980200309, 101898, 225328,   99.9,  0.349,
0980200308, 101898, 225200,  125.3,  0.258,
0990200322, 111098, 215501,    4.8,  0.265,
0990200319, 111098, 215247,   25.1,  0.268,
0990200313, 111098, 214915,   44.9,  0.251,
0990200309, 111098, 214617,   74.9,  0.300,
0990200308, 111098, 214516,   99.3,  0.230,
0990200307, 111098, 214415,  125.4,  0.153,
0990200306, 111098, 214315,  149.7,  0.105,
1000200312, 120898, 235419,    5.5,  0.342,
1000200311, 120898, 235256,   26.1,  0.307,
1000200310, 120898, 235137,   44.9,  0.307,
1000200309, 120898, 235011,   75.3,  0.314,
1000200308, 120898, 234857,  100.8,  0.314,
1000200307, 120898, 234736,  126.8,  0.209,
1010200317, 011399, 005937,    5.7,  0.307,
1010200315, 011399, 005722,   25.9,  0.345,
1010200313, 011399, 005557,   45.7,  0.342,
1010200309, 011399, 005402,   75.8,  0.293,
1010200308, 011399, 005222,  100.7,  0.275,
1010200307, 011399, 005047,  125.5,  0.223,
1020200821, 021899, 205750,    5.4,  0.279,
1020200819, 021899, 205548,   25.2,  0.303,
1020200816, 021899, 205334,   44.6,  0.279,
1020200814, 021899, 205138,   75.2,  0.307,
1020200811, 021899, 204848,  100.6,  0.268,
1020200808, 021899, 204609,  125.7,  0.230,
1030200312, 031699, 225346,    5.6,  0.321,
1030200311, 031699, 225232,   24.9,  0.314,
1030200310, 031699, 225121,   45.9,  0.349,
1030200309, 031699, 225001,   76.8,  0.307,
1030200308, 031699, 224846,  101.1,  0.286,
1030200307, 031699, 224731,  125.3,  0.286,
1040200524, 041499, 010833,    4.9,  0.251,
1040200523, 041499, 010713,   25.4,  0.300,
1040200522, 041499, 010613,   44.8,  0.314,
1040200521, 041499, 010505,   75.1,  0.307,
1040200520, 041499, 010349,   99.6,  0.331,
1040200516, 041499, 010205,  125.7,  0.251,
1050200312, 050999, 230040,    7.3,  0.272,
1050200311, 050999, 225915,   27.0,  0.286,
1050200310, 050999, 225800,   47.2,  0.286,
1050200309, 050999, 225645,   76.7,  0.244,
1050200308, 050999, 225530,  101.5,  0.251,
1050200307, 050999, 225415,  125.4,  0.171,
1050200306, 050999, 225300,  149.9,  0.098,
1060200312, 071399, 225218,    4.6,  0.293,
1060200311, 071399, 225059,   24.6,  0.307,
1060200310, 071399, 224943,   45.2,  0.307,
1060200309, 071399, 224818,   75.3,  0.321,
1060200308, 071399, 224703,   99.6,  0.397,
1060200307, 071399, 224543,  124.3,  0.265,
1060200306, 071399, 224423,  149.7,  0.202,
1070200611, 081399, 235355,   25.0,  0.311,
1070200610, 081399, 235241,   44.7,  0.412,
1070200609, 081399, 235115,   75.0,  0.328,
1070200608, 081399, 234956,   99.7,  0.283,
1070200607, 081399, 234841,  124.6,  0.279,
1080200311, 101499, 235729,   24.5,  0.241,
1080200310, 101499, 235625,   44.7,  0.306,
1080200309, 101499, 235509,   74.2,  0.261,
1080200308, 101499, 235354,   98.9,  0.223,
1080200307, 101499, 235229,  124.2,  0.186,
1080200306, 101499, 235114,  149.7,  0.119,
1090200312, 110899, 215250,    4.4,  0.263,
1090200311, 110899, 215149,   23.9,  0.236,
1090200310, 110899, 215034,   43.9,  0.240,
1090200309, 110899, 214920,   73.7,  0.240,
1090200308, 110899, 214820,   99.1,  0.242,
1090200307, 110899, 214704,  125.1,  0.146,
1090200306, 110899, 214535,  149.6,  0.113,
1100200313, 121499, 230104,    5.3,  0.272,
1100200312, 121499, 225809,   24.8,  0.300,
1100200311, 121499, 225708,   44.6,  0.345,
1100200310, 121499, 225548,   75.1,  0.307,
1100200309, 121499, 225428,  100.6,  0.216,
1100200308, 121499, 225308,  125.3,  0.091,
1110200312, 020200, 215156,    4.3,  0.223,
1110200311, 020200, 215012,   24.7,  0.247,
1110200310, 020200, 214907,   44.9,  0.237,
1110200309, 020200, 214756,   74.4,  0.230,
1110200308, 020200, 214643,   98.7,  0.258,
1110200307, 020200, 214531,  123.8,  0.181,
1110200306, 020200, 214428,  149.4,  0.209,
1120200418, 022900, 221901,    4.5,  0.244,
1120200416, 022900, 221731,   25.5,  0.272,
1120200415, 022900, 221621,   44.6,  0.265,
1120200413, 022900, 221446,   76.2,  0.244,
1120200412, 022900, 221331,   98.8,  0.254,
1120200410, 022900, 221201,  124.2,  0.209,
1120200409, 022900, 221055,  149.8,  0.139,
1130200313, 032800, 225213,    5.1,  0.247,
1130200312, 032800, 225058,   25.0,  0.261,
1130200311, 032800, 224943,   45.3,  0.254,
1130200310, 032800, 224813,   74.0,  0.240,
1130200309, 032800, 224643,  100.6,  0.213,
1130200308, 032800, 224523,  125.3,  0.155,
1130200307, 032800, 224358,  149.0,  0.105,
1140200316, 042500, 224945,    4.2,  0.248,
1140200315, 042500, 224830,   24.8,  0.270,
1140200314, 042500, 224725,   45.4,  0.252,
1140200313, 042500, 224619,   75.3,  0.248,
1140200312, 042500, 224514,   99.7,  0.273,
1140200310, 042500, 224314,  149.8,  0.156,
1140200409, 042600, 014515,  124.1,  0.181,
1150200323, 052300, 225132,    4.3,  0.275,
1150200321, 052300, 225017,   24.2,  0.292,
1150200320, 052300, 224922,   43.9,  0.299,
1150200315, 052300, 224712,   74.6,  0.299,
1150200313, 052300, 224557,   99.2,  0.238,
1150200311, 052300, 224422,  124.1,  0.279,
1150200307, 052300, 224222,  148.5,  0.138,
1160200424, 062000, 224735,    3.9,  0.371,
1160200420, 062000, 224530,   29.6,  0.516,
1160200416, 062000, 224325,   44.0,  0.283,
1160200413, 062000, 224150,   74.0,  0.248,
1160200411, 062000, 224034,   99.4,  0.221,
1160200409, 062000, 223925,  123.6,  0.201,
1160200407, 062000, 223820,  149.1,  0.141,
1170200323, 072600, 023600,    3.6,  0.423,
1170200808, 072600, 195404,  124.2,  0.202,
1170200807, 072600, 195234,  148.2,  0.164,
1170201024, 072700, 015326,    4.4,  0.452,
1170201020, 072700, 015140,   14.3,  0.520,
1170201018, 072700, 015020,   24.3,  0.482,
1170201010, 072700, 014531,   59.5,  0.441,
1170201007, 072700, 014229,  104.3,  0.245,
1180200412, 082200, 215155,    5.2,  0.242,
1180200411, 082200, 215040,   25.3,  0.269,
1180200410, 082200, 214940,   44.6,  0.258,
1180200409, 082200, 214810,   74.2,  0.276,
1180200408, 082200, 214656,  100.0,  0.219,
1180200407, 082200, 214529,  125.0,  0.298,
1180200406, 082200, 214327,  149.7,  0.136,
1190200416, 101800, 005953,    4.6,  0.260,
1190200415, 101800, 005843,   24.9,  0.274,
1190200410, 101800, 005704,   45.3,  0.265,
1190200409, 101800, 005603,   74.4,  0.188,
1190200408, 101800, 005453,   99.1,  0.217,
1190200407, 101800, 005353,  124.4,  0.158,
1190200406, 101800, 005253,  148.8,  0.114,
1200200519, 113000, 040611,    4.7,  0.383,
1200200517, 113000, 040427,   24.7,  0.305,
1200200515, 113000, 040257,   44.6,  0.284,
1200200513, 113000, 040057,   74.8,  0.285,
1200200511, 113000, 035911,  100.3,  0.281,
1200200510, 113000, 035743,  125.2,  0.183,
1210200617, 122000, 035534,    4.3,  0.253,
1210200616, 122000, 035352,   23.9,  0.253,
1210200615, 122000, 035219,   44.6,  0.273,
1210200614, 122000, 035040,   74.7,  0.253,
1210200613, 122000, 034859,   98.7,  0.256,
1210200612, 122000, 034731,  124.1,  0.198,
1220201015, 011701, 185631,    3.9,  0.249,
1220201014, 011701, 185532,   24.0,  0.246,
1220201013, 011701, 185432,   43.8,  0.298,
1220201012, 011701, 185332,   73.3,  0.268,
1220201011, 011701, 185227,  100.3,  0.236,
1220201010, 011701, 185132,  122.8,  0.204,
1220201009, 011701, 185027,  149.7,  0.133,
1230200418, 021501, 053329,   24.4,  0.249,
1230200417, 021501, 053230,   44.6,  0.251,
1230200415, 021501, 053109,   74.0,  0.223,
1230200414, 021501, 053004,   99.0,  0.214,
1230200413, 021501, 052849,  125.4,  0.122,
1230200412, 021501, 052739,  148.5,  0.100,
1240200419, 032101, 130658,   75.4,  0.250,
1240200719, 032101, 215045,    3.6,  0.258,
1240200716, 032101, 214915,   24.6,  0.256,
1240200714, 032101, 214739,   43.7,  0.259,
1240200712, 032101, 214614,   74.8,  0.268,
1240200710, 032101, 214454,   99.1,  0.233,
1240200709, 032101, 214340,  123.1,  0.241,
1240200708, 032101, 214244,  149.0,  0.109,
1250200314, 041701, 215121,    3.6,  0.239,
1250200313, 041701, 215010,   23.7,  0.234,
1250200312, 041701, 214903,   43.6,  0.235,
1250200311, 041701, 214745,   73.3,  0.199,
1250200310, 041701, 214630,   98.9,  0.239,
1250200309, 041701, 214514,  125.3,  0.238,
1250200308, 041701, 214347,  149.5,  0.203,
1260200424, 051701, 002710,    4.8,  0.298,
1260200421, 051701, 002455,   24.1,  0.300,
1260200418, 051701, 002305,   44.7,  0.415,
1260200410, 051701, 001710,   99.5,  0.229,
1260200409, 051701, 001545,  124.2,  0.226,
1260200408, 051701, 001426,  149.4,  0.144,
1270200517, 061401, 035359,    3.7,  0.262,
1270200513, 061401, 035203,   23.3,  0.246,
1270200512, 061401, 035043,   44.4,  0.274,
1270200511, 061401, 034914,   73.4,  0.264,
1270200510, 061401, 034756,   98.6,  0.238,
1270200509, 061401, 034633,  124.6,  0.195,
1270200508, 061401, 034507,  147.9,  0.148,
1280200418, 071101, 035026,    4.0,  0.263,
1280200416, 071101, 034911,   24.9,  0.264,
1280200414, 071101, 034756,   44.0,  0.274,
1280200412, 071101, 034626,   74.2,  0.235,
1280200410, 071101, 034500,   98.8,  0.252,
1280200409, 071101, 034355,  124.3,  0.168,
1280200408, 071101, 034245,  149.5,  0.114,
1290201314, 080901, 004532,    4.6,  0.231,
1290201313, 080901, 004412,   25.1,  0.303,
1290201312, 080901, 004304,   44.3,  0.304,
1290201311, 080901, 004141,   74.5,  0.277,
1290201310, 080901, 004026,   99.2,  0.255,
1290201309, 080901, 003909,  124.0,  0.181,
1290201308, 080901, 003802,  149.7,  0.108,
1300200414, 100201, 004646,    4.7,  0.294,
1300200413, 100201, 004536,   25.1,  0.300,
1300200412, 100201, 004436,   44.9,  0.284,
1300200411, 100201, 004326,   75.9,  0.263,
1300200410, 100201, 004221,  100.0,  0.267,
1300200409, 100201, 004121,  125.1,  0.176,
1300200408, 100201, 004006,  149.6,  0.123,
1310200514, 102301, 040431,    5.0,  0.403,
1310200513, 102301, 040246,   26.5,  0.410,
1310200512, 102301, 040116,   45.4,  0.382,
1310200511, 102301, 035931,   75.5,  0.289,
1310200510, 102301, 035801,  100.1,  0.242,
1310200509, 102301, 035616,  124.7,  0.126,
1320200514, 111701, 035320,    3.9,  0.313,
1320200513, 111701, 035151,   24.2,  0.285,
1320200512, 111701, 035031,   43.6,  0.280,
1320200511, 111701, 034901,   74.1,  0.301,
1320200510, 111701, 034731,   98.9,  0.267,
1320200509, 111701, 034601,  125.2,  0.182,
1330200222, 121501, 092610,    4.3,  0.266,
1330200220, 121501, 092425,   26.2,  0.265,
1330200219, 121501, 092300,   44.6,  0.259,
1330200218, 121501, 092125,   75.7,  0.268,
1330200217, 121501, 091945,   99.7,  0.270,
1330200215, 121501, 091755,  125.7,  0.110,
1330200213, 121501, 091611,  149.1,  0.086,
1340200514, 011602, 035049,    4.9,  0.276,
1340200513, 011602, 034854,   23.7,  0.258,
1340200512, 011602, 034727,   45.0,  0.266,
1340200511, 011602, 034529,   74.3,  0.288,
1340200510, 011602, 034349,   98.6,  0.260,
1340200509, 011602, 034239,  125.7,  0.252,
1350200518, 022102, 035446,    4.5,  0.240,
1350200516, 022102, 035311,   24.5,  0.258,
1350200515, 022102, 035206,   44.2,  0.238,
1350200513, 022102, 035006,   75.8,  0.227,
1350200511, 022102, 034815,   98.9,  0.228,
1350200510, 022102, 034651,  123.8,  0.141,
1350200508, 022102, 034501,  149.2,  0.100,
1360200615, 031302, 034957,    4.6,  0.260,
1360200614, 031302, 034828,   24.6,  0.266,
1360200613, 031302, 034815,   44.5,  0.257,
1360200612, 031302, 034811,   74.8,  0.263,
1360200610, 031302, 034519,   99.8,  0.235,
1360200609, 031302, 034353,  124.3,  0.207,
1360200608, 031302, 034225,  148.5,  0.155,
1370200515, 052102, 035456,    4.3,  0.273,
1370200514, 052102, 035332,   25.2,  0.271,
1370200513, 052102, 035211,   44.9,  0.310,
1370200512, 052102, 035036,   75.1,  0.274,
1370200510, 052102, 034751,  124.3,  0.239,
1380200321, 062902, 215038,    4.4,  0.268,
1380200317, 062902, 214848,   24.0,  0.274,
1380200315, 062902, 214718,   44.3,  0.307,
1380200314, 062902, 214559,   74.0,  0.322,
1380200313, 062902, 214438,   99.4,  0.261,
1380200311, 062902, 214313,  123.8,  0.212,
1380200309, 062902, 214143,  149.4,  0.128,
1390200516, 082802, 041610,    5.0,  0.305,
1390200514, 082802, 041435,   24.2,  0.296,
1390200513, 082802, 041255,   45.6,  0.294,
1390200511, 082802, 041025,   74.5,  0.313,
1390200510, 082802, 040835,  100.4,  0.272,
1390200509, 082802, 040645,  123.0,  0.249,
1390200508, 082802, 040415,  149.6,  0.159,
1400200516, 100702, 041006,    5.3,  0.345,
1400200515, 100702, 040801,   25.7,  0.348,
1400200514, 100702, 040601,   44.9,  0.401,
1400200513, 100702, 040317,   75.2,  0.289,
1400200510, 100702, 035842,  101.0,  0.301,
1400200509, 100702, 035611,  126.1,  0.251,
1410200514, 110402, 035144,    4.9,  0.206,
1410200513, 110402, 035029,   24.6,  0.294,
1410200512, 110402, 034930,   44.6,  0.312,
1410200511, 110402, 034819,   75.1,  0.327,
1410200510, 110402, 034719,   99.9,  0.256,
1410200509, 110402, 034619,  125.3,  0.215,
1410200508, 110402, 034519,  150.0,  0.134,
1420200514, 112502, 035622,    4.0,  0.265,
1420200513, 112502, 035452,   24.8,  0.303,
1420200512, 112502, 035316,   44.9,  0.284,
1420200511, 112502, 035112,   74.1,  0.287,
1420200510, 112502, 034931,   99.4,  0.252,
1420200509, 112502, 034737,  124.8,  0.152,
1420200508, 112502, 034601,  149.9,  0.108,
1430200514, 121902, 035116,    4.9,  0.280,
1430200513, 121902, 034951,   24.7,  0.257,
1430200512, 121902, 034821,   43.8,  0.285,
1430200511, 121902, 034656,   76.1,  0.269,
1430200510, 121902, 034536,  100.3,  0.272,
1430200509, 121902, 034416,  124.4,  0.242,
1440200415, 011703, 034929,    4.4,  0.275,
1440200414, 011703, 034824,   25.0,  0.288,
1440200413, 011703, 034724,   43.3,  0.286,
1440200412, 011703, 034614,   73.7,  0.281,
1440200411, 011703, 034459,  101.0,  0.266,
1440200410, 011703, 034344,  125.6,  0.156,
1440200408, 011703, 034229,  147.9,  0.112,
1450200516, 022603, 040514,    4.8,  0.255,
1450200515, 022603, 040344,   24.0,  0.258,
1450200513, 022603, 040119,   45.0,  0.279,
1450200512, 022603, 035945,   73.5,  0.233,
1450200511, 022603, 035809,   98.7,  0.282,
1450200509, 022603, 035414,  125.6,  0.211,
1450200508, 022603, 035214,  148.3,  0.119,
1460200514, 032903, 040920,    8.9,  0.311,
1460200513, 032903, 040741,   25.4,  0.306,
1460200512, 032903, 040540,   44.2,  0.303,
1460200511, 032903, 040341,   74.9,  0.289,
1460200510, 032903, 040125,   99.9,  0.245,
1460200509, 032903, 035855,  123.6,  0.247,
1460200508, 032903, 035642,  148.8,  0.162,
1470200514, 042403, 035828,    4.1,  0.275,
1470200513, 042403, 035707,   24.9,  0.264,
1470200512, 042403, 035558,   44.1,  0.327,
1470200511, 042403, 035417,   74.8,  0.326,
1470200510, 042403, 035237,   99.4,  0.288,
1470200509, 042403, 035127,  124.2,  0.339,
1470200508, 042403, 034957,  148.6,  0.190,
1480200514, 052103, 035504,    4.2,  0.254,
1480200513, 052103, 035329,   24.3,  0.262,
1480200512, 052103, 035159,   43.9,  0.296,
1480200511, 052103, 035029,   74.2,  0.290,
1480200509, 052103, 034724,  124.9,  0.251,
1480200508, 052103, 034544,  149.8,  0.227,
1490200514, 061903, 035700,    5.0,  0.325,
1490200513, 061903, 035545,   25.0,  0.272,
1490200512, 061903, 035430,   45.0,  0.278,
1490200511, 061903, 035320,   74.3,  0.256,
1490200510, 061903, 035215,   99.8,  0.252,
1490200509, 061903, 035100,  125.1,  0.253,
1490200508, 061903, 034945,  149.6,  0.237,
1500200514, 072003, 035037,    4.4,  0.297,
1500200513, 072003, 034937,   24.3,  0.279,
1500200512, 072003, 034838,   44.2,  0.329,
1500200511, 072003, 034722,   74.3,  0.331,
1500200510, 072003, 034622,   99.2,  0.298,
1500200509, 072003, 034507,  124.1,  0.253,
1500200508, 072003, 034407,  149.6,  0.125,
1510200517, 082103, 035547,    4.9,  0.298,
1510200516, 082103, 035436,   24.4,  0.319,
1510200515, 082103, 035321,   44.4,  0.346,
1510200514, 082103, 035151,   74.2,  0.359,
1510200510, 082103, 034907,  100.2,  0.330,
1510200509, 082103, 034717,  124.3,  0.223,
1510200508, 082103, 034611,  149.6,  0.142,
1520200514, 101503, 041900,    4.3,  0.333,
1520200513, 101503, 041725,   23.7,  0.374,
1520200512, 101503, 041600,   44.4,  0.326,
1520200511, 101503, 041420,   75.0,  0.374,
1520200510, 101503, 041300,   99.4,  0.292,
1520200509, 101503, 041135,  125.1,  0.194,
1530200514, 111003, 040250,    5.3,  0.278,
1530200513, 111003, 040100,   25.7,  0.281,
1530200512, 111003, 035830,   45.7,  0.285,
1530200511, 111003, 035550,   76.8,  0.252,
1530200510, 111003, 035335,  101.2,  0.274,
1530200509, 111003, 035150,  125.3,  0.197,
1540200414, 122003, 040311,    4.4,  0.325,
1540200413, 122003, 040239,   23.1,  0.267,
1540200412, 122003, 040039,   45.0,  0.271,
1540200411, 122003, 035823,   75.0,  0.257,
1540200410, 122003, 035637,   99.0,  0.236,
1540200409, 122003, 035449,  124.7,  0.138,
1540200408, 122003, 035309,  148.8,  0.096,
1550200514, 012204, 035701,    4.4,  0.259,
1550200513, 012204, 035545,   23.5,  0.221,
1550200512, 012204, 035430,   43.6,  0.293,
1550200511, 012204, 035305,   73.3,  0.272,
1550200510, 012204, 035140,   99.6,  0.275,
1550200509, 012204, 035025,  123.5,  0.224,
1550200508, 012204, 034900,  148.7,  0.131,
1560200514, 022504, 034517,    4.0,  0.253,
1560200513, 022504, 034411,   23.8,  0.241,
1560200512, 022504, 034307,   44.1,  0.216,
1560200511, 022504, 034156,   74.5,  0.261,
1560200510, 022504, 034051,   99.5,  0.258,
1560200509, 022504, 033936,  125.0,  0.205,
1560200508, 022504, 033831,  147.2,  0.114,
1570200514, 032004, 041051,    3.3,  0.250,
1570200513, 032004, 040906,   25.1,  0.226,
1570200512, 032004, 040732,   43.4,  0.267,
1570200511, 032004, 040537,   76.0,  0.237,
1570200510, 032004, 040341,   99.9,  0.257,
1570200509, 032004, 040201,  124.7,  0.222,
1570200508, 032004, 040016,  148.4,  0.182,
1580200514, 042104, 040221,    4.1,  0.318,
1580200513, 042104, 040041,   24.4,  0.377,
1580200512, 042104, 035907,   44.4,  0.343,
1580200511, 042104, 035721,   74.4,  0.303,
1580200510, 042104, 035541,   99.4,  0.332,
1580200509, 042104, 035411,  124.5,  0.297,
1580200508, 042104, 035241,  148.7,  0.245,
1590200514, 051904, 035102,    4.1,  0.374,
1590200513, 051904, 034942,   23.9,  0.429,
1590200512, 051904, 034843,   43.7,  0.378,
1590200511, 051904, 034658,   73.9,  0.364,
1590200510, 051904, 034523,   98.9,  0.335,
1590200509, 051904, 034358,  124.4,  0.318,
1600200614, 061604, 034718,    4.1,  0.360,
1600200613, 061604, 034557,   24.5,  0.366,
1600200612, 061604, 034453,   43.5,  0.519,
1600200611, 061604, 034342,   73.7,  0.326,
1600200610, 061604, 034222,   99.1,  0.287,
1600200609, 061604, 034122,  123.9,  0.290,
1600200608, 061604, 034012,  149.2,  0.167,
1610200423, 071404, 015234,    4.9,  0.435,
1610200420, 071404, 015043,   24.8,  0.467,
1610200417, 071404, 014834,   43.1,  0.333,
1610200414, 071404, 014653,   74.9,  0.283,
1610200411, 071404, 014503,   99.8,  0.264,
1610200408, 071404, 014304,  125.8,  0.258,
1610200405, 071404, 014113,  149.3,  0.188,
1620200619, 081604, 035832,    4.5,  0.374,
1620200617, 081604, 035520,   45.0,  0.497,
1620200616, 081604, 035335,   75.0,  0.271,
1620200615, 081604, 035157,   99.5,  0.306,
1620200609, 081604, 034852,  123.8,  0.237,
1630200619, 092904, 034951,    5.1,  0.288,
1630200618, 092904, 034840,   25.0,  0.286,
1630200617, 092904, 034710,   44.0,  0.298,
1630200616, 092904, 034550,   75.1,  0.301,
1630200615, 092904, 034420,   99.9,  0.303,
1630200609, 092904, 034210,  124.3,  0.248,
1630200608, 092904, 034050,  149.2,  0.175,
1640200514, 103104, 035051,    4.9,  0.291,
1640200513, 103104, 034903,   25.8,  0.310,
1640200512, 103104, 034742,   45.5,  0.349,
1640200510, 103104, 034522,   98.5,  0.313,
1640200509, 103104, 034408,  124.9,  0.193,
1650201217, 112804, 215356,    5.0,  0.260,
1650201215, 112804, 215226,   24.8,  0.260,
1650201213, 112804, 215106,   45.1,  0.262,
1650201211, 112804, 214936,   75.2,  0.297,
1650201210, 112804, 214816,  100.1,  0.185,
1650201209, 112804, 214656,  124.6,  0.150,
1660201317, 122104, 215111,    4.0,  0.348,
1660201315, 122104, 214951,   24.5,  0.350,
1660201313, 122104, 214826,   44.9,  0.339,
1660201311, 122104, 214652,   75.3,  0.329,
1660201310, 122104, 214532,   97.8,  0.267,
1660201309, 122104, 214411,  123.8,  0.226,
1660201308, 122104, 214251,  149.8,  0.114,
1670201114, 020205, 201015,    4.8,  0.308,
1670201113, 020205, 200851,   25.2,  0.319,
1670201112, 020205, 200710,   44.9,  0.336,
1670201111, 020205, 200536,   73.7,  0.332,
1670201110, 020205, 200355,  101.6,  0.321,
1670201109, 020205, 200231,  123.6,  0.238,
1670201108, 020205, 200115,  149.0,  0.141,
1680201114, 030505, 190404,    5.1,  0.329,
1680201113, 030505, 190225,   25.3,  0.306,
1680201112, 030505, 190055,   44.6,  0.288,
1680201111, 030505, 185915,   73.5,  0.320,
1680201110, 030505, 185655,  100.0,  0.377,
1680201109, 030505, 185525,  125.2,  0.223,
1690200719, 051805, 161020,    7.4,  0.314,
1690200718, 051805, 160744,   24.8,  0.326,
1690200717, 051805, 160634,   45.5,  0.400,
1690200716, 051805, 160519,   75.1,  0.336,
1690200715, 051805, 160359,  100.5,  0.293,
1690200714, 051805, 160239,  124.6,  0.250,
1690200713, 051805, 160129,  148.9,  0.184,
1700201223, 061605, 010206,   12.0,  0.289,
1700201222, 061605, 010037,   24.3,  0.301,
1700201221, 061605, 005902,   45.2,  0.352,
1700201220, 061605, 005716,   73.7,  0.333,
1700201219, 061605, 005534,  100.0,  0.335,
1700201218, 061605, 005327,  124.2,  0.344,
1700201217, 061605, 005146,  150.0,  0.172,
1710201423, 071805, 013455,    4.9,  0.323,
1710201421, 071805, 013334,   25.3,  0.338,
1710201414, 071805, 013007,   45.5,  0.334,
1710201412, 071805, 012824,   74.5,  0.327,
1710201411, 071805, 012654,  100.3,  0.292,
1710201410, 071805, 012524,  125.0,  0.289,
1720201319, 081505, 012545,    4.8,  0.259,
1720201317, 081505, 012336,   24.5,  0.241,
1720201314, 081505, 012152,   45.1,  0.273,
1720201312, 081505, 011953,   74.3,  0.293,
1720201311, 081505, 011838,   99.9,  0.271,
1720201309, 081505, 011708,  124.5,  0.288,
1730201320, 091105, 005245,    9.9,  0.425,
1730201318, 091105, 005110,   24.1,  0.446,
1730201316, 091105, 004955,   44.9,  0.491,
1730201314, 091105, 004835,   73.3,  0.379,
1730201312, 091105, 004715,  100.6,  0.292,
1730201310, 091105, 004555,  124.7,  0.239,
1730201308, 091105, 004435,  149.1,  0.179,
1740201121, 100905, 054717,    9.2,  0.367,
1740201119, 100905, 054339,   23.2,  0.353,
1740201117, 100905, 054135,   43.0,  0.349,
1740201115, 100905, 053949,   73.4,  0.386,
1740201113, 100905, 053808,   99.3,  0.318,
1740201112, 100905, 053636,  124.1,  0.252,
1740201110, 100905, 053445,  149.4,  0.172,
1750201424, 111305, 013625,    5.9,  0.274,
1750201418, 111305, 013212,   25.1,  0.309,
1750201416, 111305, 012927,   45.6,  0.291,
1750201412, 111305, 012525,   75.0,  0.289,
1750201410, 111305, 012325,  100.2,  0.294,
1750201409, 111305, 012125,  125.0,  0.245,
1750201408, 111305, 011931,  149.8,  0.150,
1760201314, 121405, 005729,    5.0,  0.272,
1760201313, 121405, 005554,   25.7,  0.278,
1760201312, 121405, 005444,   45.8,  0.317,
1760201311, 121405, 005248,   76.0,  0.330,
1760201310, 121405, 005059,  100.5,  0.317,
1760201309, 121405, 004924,  125.2,  0.238,
1770200420, 012506, 154757,    8.9,  0.290,
1770200419, 012506, 154607,   25.3,  0.291,
1770200418, 012506, 154434,   45.2,  0.298,
1770200417, 012506, 154302,   74.0,  0.299,
1770200416, 012506, 154127,  101.4,  0.278,
1770200415, 012506, 153957,  125.0,  0.297,
1780201324, 021606, 020000,    7.6,  0.282,
1780201323, 021606, 015750,   22.4,  0.220,
1780201322, 021606, 015545,   43.1,  0.318,
1780201321, 021606, 015405,   76.1,  0.290,
1780201320, 021606, 015226,  101.3,  0.280,
1780201309, 021606, 014625,  125.3,  0.195,
1780201308, 021606, 014455,  147.1,  0.102,
1790200624, 030906, 195553,    6.6,  0.314,
1790200623, 030906, 195438,   24.0,  0.328,
1790200612, 030906, 194728,   44.8,  0.293,
1790200611, 030906, 194603,   76.4,  0.235,
1790200610, 030906, 194434,  101.6,  0.269,
1790200609, 030906, 194304,  125.2,  0.242,
1800201313, 040306, 010355,   25.1,  0.353,
1800201312, 040306, 010225,   45.4,  0.359,
1800201311, 040306, 010056,   74.3,  0.338,
1800201310, 040306, 005945,  100.8,  0.248,
1800201309, 040306, 005836,  125.3,  0.163,
1800201308, 040306, 005731,  149.6,  0.170,
1810201414, 052806, 010305,    8.4,  0.327,
1810201413, 052806, 010004,   25.1,  0.361,
1810201412, 052806, 005845,   46.2,  0.329,
1810201411, 052806, 005725,   76.4,  0.281,
1810201410, 052806, 005545,  100.3,  0.391,
1810201409, 052806, 005434,  124.3,  0.287,
1820201118, 061506, 014634,    8.0,  0.288,
1820201117, 061506, 014254,   25.6,  0.322,
1820201116, 061506, 014105,   45.2,  0.369,
1820201115, 061506, 013824,   76.0,  0.321,
1820201113, 061506, 013626,  101.2,  0.329,
1820201111, 061506, 013405,  124.8,  0.206,
1830201414, 071406, 010608,    7.6,  0.250,
1830201413, 071406, 005922,   25.4,  0.359,
1830201412, 071406, 005808,   44.7,  0.361,
1830201411, 071406, 005642,   74.9,  0.361,
1830201410, 071406, 005532,  100.5,  0.204,
1830201409, 071406, 005422,  125.1,  0.288,
1840201424, 081006, 005833,    6.5,  0.371,
1840201423, 081006, 005601,   25.4,  0.327,
1840201412, 081006, 005241,   45.0,  0.430,
1840201411, 081006, 005051,   75.7,  0.381,
1840201410, 081006, 004911,  100.9,  0.358,
1840201409, 081006, 004726,  125.5,  0.230,
1850201314, 091706, 005716,    5.5,  0.165,
1850201313, 091706, 005613,   25.7,  0.198,
1850201312, 091706, 005506,   45.1,  0.260,
1850201311, 091706, 005350,   75.3,  0.305,
1850201310, 091706, 005150,  100.2,  0.299,
1850201309, 091706, 005029,  125.2,  0.281,
1850201308, 091706, 004847,  149.9,  0.125,
1860202220, 102206, 010426,    7.4,  0.348,
1860202218, 102206, 010212,   26.1,  0.375,
1860202216, 102206, 005841,   46.2,  0.372,
1860202214, 102206, 005707,   74.5,  0.350,
1860202211, 102206, 005527,  101.1,  0.278,
1860202210, 102206, 005417,  126.3,  0.173,
1870201314, 111006, 014142,    8.0,  0.308,
1870201313, 111006, 013946,   26.2,  0.256,
1870201312, 111006, 013744,   44.9,  0.316,
1870201311, 111006, 013521,   76.4,  0.278,
1870201310, 111006, 013301,  100.7,  0.282,
1870201309, 111006, 013043,  125.9,  0.140,
1880201323, 121106, 015705,    6.7,  0.289,
1880201322, 121106, 015442,   25.6,  0.265,
1880201321, 121106, 015329,   45.6,  0.287,
1880201320, 121106, 015159,   74.7,  0.283,
1880201318, 121106, 015030,  100.6,  0.301,
1880201317, 121106, 014900,  125.6,  0.201,
1890201414, 020807, 014007,    4.9,  0.281,
1890201413, 020807, 013843,   24.7,  0.280,
1890201412, 020807, 013712,   44.7,  0.227,
1890201411, 020807, 013518,   74.8,  0.265,
1890201410, 020807, 013323,  100.2,  0.240,
1890201409, 020807, 013129,  124.6,  0.219,
1890201408, 020807, 012943,  149.5,  0.105,
1900201414, 032207, 005254,    4.8,  0.295,
1900201413, 032207, 005144,   25.6,  0.254,
1900201412, 032207, 005043,   44.7,  0.320,
1900201411, 032207, 004922,   76.0,  0.244,
1900201410, 032207, 004817,   98.6,  0.255,
1900201409, 032207, 004700,  124.4,  0.225,
1910201424, 050607, 005349,    7.1,  0.286,
1910201421, 050607, 005039,   25.1,  0.324,
1910201419, 050607, 004933,   45.3,  0.316,
1910201417, 050607, 004813,   75.5,  0.326,
1910201415, 050607, 004658,  100.3,  0.269,
1910201413, 050607, 004537,  125.7,  0.251,
1910201411, 050607, 004427,  149.4,  0.195,
1930201118, 070907, 010150,    7.3,  0.339,
1930201117, 070907, 005854,   24.9,  0.292,
1930201116, 070907, 005719,   44.8,  0.355,
1930201115, 070907, 005545,   75.3,  0.209,
1930201114, 070907, 005400,   99.9,  0.186,
1930201113, 070907, 005229,  125.3,  0.244,
1940201224, 080507, 012945,    7.3,  0.312,
1940201223, 080507, 012805,   25.2,  0.346,
1940201222, 080507, 012520,   45.0,  0.363,
1940201216, 080507, 012246,   74.3,  0.396,
1940201209, 080507, 011841,  124.7,  0.258,
1950201323, 090407, 010015,   27.1,  0.409,
1950201322, 090407, 005831,   47.2,  0.373,
1950201316, 090407, 005606,   77.5,  0.360,
1950201315, 090407, 005415,  100.2,  0.299,
1950201309, 090407, 005216,  125.8,  0.124,
1960200524, 100307, 005448,    5.2,  0.330,
1960200523, 100307, 005328,   25.0,  0.324,
1960200522, 100307, 005218,   44.4,  0.376,
1960200516, 100307, 005028,   74.7,  0.357,
1960200515, 100307, 004908,   98.7,  0.361,
1960200509, 100307, 004718,  125.1,  0.270,
1970200524, 120207, 025432,    8.3,  0.313,
1970200523, 120207, 025138,   25.6,  0.352,
1970200516, 120207, 024612,   76.3,  0.330,
1970200509, 120207, 024013,  125.5,  0.365,
1970200508, 120207, 023744,  149.8,  0.127,
1980200624, 122107, 012502,    6.5,  0.301,
1980200623, 122107, 012237,   26.4,  0.336,
1980200622, 122107, 012121,   45.5,  0.236,
1980200616, 122107, 011855,   75.9,  0.284,
1980200615, 122107, 011709,   99.9,  0.288,
1980200609, 122107, 011440,  124.9,  0.271,
1980200608, 122107, 011305,  149.7,  0.163,
1990200524, 013008, 014714,    6.6,  0.390,
1990200523, 013008, 014413,   25.3,  0.335,
1990200522, 013008, 014248,   45.3,  0.334,
1990200516, 013008, 014029,   75.0,  0.362,
1990200515, 013008, 013858,  100.4,  0.336,
1990200509, 013008, 013638,  126.6,  0.262,
1990200508, 013008, 013508,  148.8,  0.151,
2000200523, 022408, 010929,    6.4,  0.311,
2000200520, 022408, 010629,   24.3,  0.344,
2000200518, 022408, 010359,   45.6,  0.300,
2000200516, 022408, 010133,   75.5,  0.304,
2000200514, 022408, 005903,   99.7,  0.291,
2000200512, 022408, 005707,  123.8,  0.288,
2010200521, 052808, 012420,   24.7,  0.385,
2010200519, 052808, 012252,   44.7,  0.333,
2010200517, 052808, 012105,   75.1,  0.324,
2010200515, 052808, 011940,  100.2,  0.269,
2010200513, 052808, 011805,  125.9,  0.176,
2020200523, 062608, 010513,    7.0,  0.336,
2020200521, 062608, 010202,   24.8,  0.344,
2020200519, 062608, 010003,   44.6,  0.324,
2020200517, 062608, 005743,   74.6,  0.293,
2020200515, 062608, 005548,  100.0,  0.276,
2020200513, 062608, 005353,  125.1,  0.214,
2020200510, 062608, 005043,  149.6,  0.120,
2030200623, 072708, 014111,    5.7,  0.270,
2030200620, 072708, 013741,   25.0,  0.291,
2030200618, 072708, 013545,   45.0,  0.373,
2030200616, 072708, 013345,   75.2,  0.293,
2030200614, 072708, 013131,  100.0,  0.248,
2030200611, 072708, 012901,  125.2,  0.229,
2040200521, 081708, 010023,    7.1,  0.367,
2040200519, 081708, 005753,   24.8,  0.367,
2040200517, 081708, 005618,   45.4,  0.361,
2040200515, 081708, 005418,   75.2,  0.361,
2040200513, 081708, 005223,  100.6,  0.334,
2040200511, 081708, 005033,  125.0,  0.253,
2050200523, 101108, 010517,    7.1,  0.423,
2050200520, 101108, 010157,   25.3,  0.414,
2050200517, 101108, 010002,   45.3,  0.358,
2050200515, 101108, 005752,   75.0,  0.390,
2050200513, 101108, 005602,   99.7,  0.303,
2050200511, 101108, 005423,  126.1,  0.205,
2050200509, 101108, 005222,  149.4,  0.129,
2060200523, 120108, 025347,    9.7,  0.291,
2060200521, 120108, 024944,   25.3,  0.306,
2060200517, 120108, 024749,   44.7,  0.302,
2060200515, 120108, 024609,   74.8,  0.308,
2060200513, 120108, 024433,   99.8,  0.251,
2060200511, 120108, 024309,  123.7,  0.167,
2060200509, 120108, 024134,  148.1,  0.116,
2080200521, 012109, 021658,    7.3,  0.269,
2080200519, 012109, 021214,   25.3,  0.275,
2080200517, 012109, 021010,   45.1,  0.245,
2080200515, 012109, 020703,   75.7,  0.273,
2080200513, 012109, 020433,  100.3,  0.211,
2080200511, 012109, 020204,  124.9,  0.156,
2090200524, 021809, 022752,   10.0,  0.252,
2090200523, 021809, 022629,   29.1,  0.239,
2090200520, 021809, 022313,   43.6,  0.208,
2090200519, 021809, 022124,   74.9,  0.261,
2090200518, 021809, 021934,  100.1,  0.239,
2090200517, 021809, 021744,  125.4,  0.179,
2090200508, 021809, 021444,  149.8,  0.108,
2100200523, 042909, 010942,    5.3,  0.268,
2100200520, 042909, 010657,   25.0,  0.322,
2100200518, 042909, 010447,   45.6,  0.295,
2100200516, 042909, 010227,   75.7,  0.274,
2100200514, 042909, 010027,  100.2,  0.337,
2100200511, 042909, 005706,  125.4,  0.232,
2100200509, 042909, 005437,  149.8,  0.172,
2110200523, 052809, 013900,    5.2,  0.295,
2110200520, 052809, 013700,   25.1,  0.266,
2110200517, 052809, 013516,   45.4,  0.281,
2110200515, 052809, 013317,   75.8,  0.275,
2110200513, 052809, 013126,  101.2,  0.241,
2110200511, 052809, 012946,  125.3,  0.246,
2120200623, 070409, 032107,    7.4,  0.280,
2120200621, 070409, 031845,   25.7,  0.303,
2120200620, 070409, 031626,   45.0,  0.327,
2120200619, 070409, 031420,   74.9,  0.329,
2120200617, 070409, 030955,   99.5,  0.309,
2120200615, 070409, 030745,  123.7,  0.229,
2120200613, 070409, 030520,  148.7,  0.168,
2130200624, 072509, 161507,    8.0,  0.319,
2130200613, 072509, 161112,   25.0,  0.308,
2130200612, 072509, 160927,   46.3,  0.328,
2130200611, 072509, 160757,   75.6,  0.383,
2130200610, 072509, 160632,   99.7,  0.334,
2130200609, 072509, 160457,  125.0,  0.257,
2140200522, 081909, 021433,    6.0,  0.350,
2140200519, 081909, 020950,   26.7,  0.382,
2140200516, 081909, 020603,   45.7,  0.407,
2140200513, 081909, 020158,   72.7,  0.484,
2140200511, 081909, 015958,  100.5,  0.352,
2140200509, 081909, 015659,  124.8,  0.262,
2150200617, 092509, 013238,    5.4,  0.329,
2150200615, 092509, 013058,   25.8,  0.309,
2150200614, 092509, 012918,   45.1,  0.324,
2150200613, 092509, 012748,   74.4,  0.265,
2150200611, 092509, 012608,  100.5,  0.302,
2150200610, 092509, 012438,  125.2,  0.148,
2160200515, 110409, 015409,    4.9,  0.295,
2160200514, 110409, 015234,   24.8,  0.303,
2160200513, 110409, 015050,   46.2,  0.306,
2160200511, 110409, 014915,   72.9,  0.310,
2160200510, 110409, 014740,  105.8,  0.323,
2160200509, 110409, 014558,  130.0,  0.182,
2170200616, 121009, 005125,    5.5,  0.292,
2170200614, 121009, 005005,   25.0,  0.291,
2170200612, 121009, 004845,   45.6,  0.309,
2170200611, 121009, 004724,   75.2,  0.252,
2170200610, 121009, 004553,   99.3,  0.318,
2170200609, 121009, 004423,  123.3,  0.217,
2170200608, 121009, 004312,  149.8,  0.145,
2190200322, 031010, 012938,    5.8,  0.230,
2190200320, 031010, 012754,   25.3,  0.325,
2190200318, 031010, 012623,   45.1,  0.230,
2190200315, 031010, 012353,   80.1,  0.225,
2190200313, 031010, 012209,   93.3,  0.318,
2190200311, 031010, 012024,  128.6,  0.158,
2200200516, 040710, 005850,    5.0,  0.225,
2200200515, 040710, 005740,   24.8,  0.252,
2200200513, 040710, 005625,   45.5,  0.294,
2200200512, 040710, 005456,   75.5,  0.294,
2200200510, 040710, 005326,  101.5,  0.221,
2200200509, 040710, 005207,  125.1,  0.244,
2200200508, 040710, 005052,  149.1,  0.136,
2210200619, 051910, 011901,    7.8,  0.285,
2210200616, 051910, 011521,   24.7,  0.297,
2210200615, 051910, 011356,   45.2,  0.283,
2210200612, 051910, 011125,   74.8,  0.298,
2210200610, 051910, 010951,   99.4,  0.242,
2210200609, 051910, 010832,  124.0,  0.202,
2210200608, 051910, 010707,  149.4,  0.153,
2220200618, 060910, 005739,    5.6,  0.343,
2220200616, 060910, 005626,   24.4,  0.307,
2220200615, 060910, 005505,   45.6,  0.334,
2220200612, 060910, 005241,   75.8,  0.349,
2220200610, 060910, 005113,  101.7,  0.295,
2220200609, 060910, 005007,  123.8,  0.263,
2220200608, 060910, 004855,  149.2,  0.198,
2230200619, 070910, 025130,    4.7,  0.331,
2230200617, 070910, 024858,   25.1,  0.346,
2230200616, 070910, 024630,   45.7,  0.284,
2230200614, 070910, 024409,   75.1,  0.329,
2230200612, 070910, 024204,   99.7,  0.465,
2230200611, 070910, 024000,  124.8,  0.222,
2230200609, 070910, 023749,  150.0,  0.103,
2240200621, 080810, 011852,    6.7,  0.299,
2240200617, 080810, 011502,   24.7,  0.323,
2240200616, 080810, 011334,   44.5,  0.296,
2240200615, 080810, 011208,   74.5,  0.309,
2240200614, 080810, 011040,   99.6,  0.342,
2240200613, 080810, 010852,  125.2,  0.284,
2250200617, 090410, 050222,    6.6,  0.341,
2250200615, 090410, 045927,   25.3,  0.326,
2250200613, 090410, 045622,   45.0,  0.324,
2250200611, 090410, 045256,   74.6,  0.339,
2250200610, 090410, 045058,   99.6,  0.289,
2250200609, 090410, 044900,  125.3,  0.195,
2260200614, 100410, 005827,    5.8,  0.392,
2260200613, 100410, 005617,   26.3,  0.395,
2260200612, 100410, 005403,   45.5,  0.355,
2260200611, 100410, 005131,   75.3,  0.399,
2260200610, 100410, 004927,  100.7,  0.340,
2260200609, 100410, 004717,  125.7,  0.240,
2270200724, 112210, 020424,    4.8,  0.545,
2270200722, 112210, 020314,   24.8,  0.269,
2270200721, 112210, 020217,   43.9,  0.282,
2270200720, 112210, 020048,   74.4,  0.252,
2270200719, 112210, 015938,  100.3,  0.306,
2270200717, 112210, 015805,  124.6,  0.183,
2290200514, 012911, 010332,    5.5,  0.248,
2290200513, 012911, 010036,   25.9,  0.272,
2290200512, 012911, 005852,   45.2,  0.328,
2290200511, 012911, 005702,   76.4,  0.306,
2290200510, 012911, 005522,   99.7,  0.265,
2290200509, 012911, 005350,  125.1,  0.176,
2300200521, 030111, 012516,    7.1,  0.302,
2300200519, 030111, 012251,   25.1,  0.296,
2300200517, 030111, 012110,   46.5,  0.263,
2300200515, 030111, 011915,   75.3,  0.244,
2300200513, 030111, 011725,   99.8,  0.248,
2300200511, 030111, 011530,  125.3,  0.182,
2310200522, 041211, 054514,    8.6,  0.305,
2310200520, 041211, 054251,   24.7,  0.315,
2310200519, 041211, 054107,   44.6,  0.323,
2310200518, 041211, 053912,   75.1,  0.327,
2310200517, 041211, 053707,   99.8,  0.260,
2310200515, 041211, 053512,  126.3,  0.286,
2320200516, 051011, 005926,    5.3,  0.349,
2320200515, 051011, 005811,   25.7,  0.330,
2320200514, 051011, 005707,   44.3,  0.342,
2320200513, 051011, 005546,   74.1,  0.318,
2320200512, 051011, 005437,   98.8,  0.269,
2320200509, 051011, 005231,  123.9,  0.183,
2330200720, 072011, 043725,   25.2,  0.353,
2330200718, 072011, 043521,   44.4,  0.304,
2330200717, 072011, 043256,   75.1,  0.287,
2330200715, 072011, 043010,   99.6,  0.282,
2330200714, 072011, 042741,  124.7,  0.281,
2340201121, 083111, 220537,    5.1,  0.412,
2340201119, 083111, 220346,   25.1,  0.414,
2340201118, 083111, 220231,   44.6,  0.403,
2340201116, 083111, 220012,   74.7,  0.329,
2340201115, 083111, 215812,  100.2,  0.251,
2340201113, 083111, 215622,  124.5,  0.168,
2340201112, 083111, 215443,  149.8,  0.120,
2350200724, 092711, 164143,    5.2,  0.385,
2350200723, 092711, 163954,   25.2,  0.290,
2350200722, 092711, 163812,   46.1,  0.342,
2350200721, 092711, 163620,   75.1,  0.368,
2350200720, 092711, 163445,  100.8,  0.353,
2350200714, 092711, 163205,  125.2,  0.258,
2350200713, 092711, 163022,  149.9,  0.164,
2360200523, 110511, 031027,    5.7,  0.433,
2360200519, 110511, 030758,   25.8,  0.358,
2360200517, 110511, 030623,   44.6,  0.304,
2360200515, 110511, 030407,   76.9,  0.351,
2360200513, 110511, 030222,  103.0,  0.237,
2360200511, 110511, 030053,  126.8,  0.182,
2370200215, 112911, 030718,    4.8,  0.345,
2370200213, 112911, 030520,   24.7,  0.338,
2370200212, 112911, 030410,   44.8,  0.330,
2370200211, 112911, 030242,   76.0,  0.354,
2370200210, 112911, 030120,   97.5,  0.309,
2370200209, 112911, 025952,  123.9,  0.184,
2380200422, 122011, 001157,    5.7,  0.368,
2380200420, 122011, 001026,   24.7,  0.342,
2380200418, 122011, 000827,   43.9,  0.355,
2380200416, 122011, 000636,   73.8,  0.340,
2380200414, 122011, 000510,   99.8,  0.390,
2380200412, 122011, 000334,  123.0,  0.295,
2390200523, 011912, 013223,    5.2,  0.338,
2390200521, 011912, 013043,   25.3,  0.274,
2390200519, 011912, 012833,   45.7,  0.315,
2390200517, 011912, 012643,   76.3,  0.272,
2390200514, 011912, 012424,  100.3,  0.253,
2390200513, 011912, 012253,  127.3,  0.238,
2390200512, 011912, 012119,  147.5,  0.163,
2400200522, 032512, 214201,    4.9,  0.270,
2400200520, 032512, 213926,   25.1,  0.308,
2400200518, 032512, 213740,   46.4,  0.294,
2400200516, 032512, 213511,   75.4,  0.243,
2400200514, 032512, 213309,  101.8,  0.183,
2400200512, 032512, 213120,  125.9,  0.247,
2410200423, 050212, 015600,    4.8,  0.313,
2410200419, 050212, 015415,   25.3,  0.289,
2410200417, 050212, 015240,   44.6,  0.272,
2410200415, 050212, 015104,   75.0,  0.300,
2410200413, 050212, 014915,  100.0,  0.315,
2420200423, 053112, 021713,    5.0,  0.302,
2420200413, 053112, 021358,   25.7,  0.358,
2420200412, 053112, 021238,   45.1,  0.339,
2420200411, 053112, 021108,   75.3,  0.332,
2420200410, 053112, 020943,  100.5,  0.269,
2420200409, 053112, 020813,  125.4,  0.260,
2430200424, 062712, 033423,    5.9,  0.383,
2430200413, 062712, 033124,   23.9,  0.328,
2430200412, 062712, 032923,   43.9,  0.339,
2430200411, 062712, 032723,   74.4,  0.304,
2430200410, 062712, 032539,   99.1,  0.289,
2430200409, 062712, 032353,  125.1,  0.284,
2430200408, 062712, 032213,  148.7,  0.194,
2440200514, 080112, 012457,   10.4,  0.273,
2440200513, 080112, 012336,   25.8,  0.293,
2440200511, 080112, 012101,   75.0,  0.347,
2440200510, 080112, 011947,  100.4,  0.283,
2440200509, 080112, 011833,  125.5,  0.252,
2450200421, 081812, 013740,    5.6,  0.345,
2450200419, 081812, 013548,   24.8,  0.339,
2450200417, 081812, 013412,   45.3,  0.340,
2450200415, 081812, 013206,   75.3,  0.327,
2450200413, 081812, 013007,  100.2,  0.301,
2450200411, 081812, 012806,  125.2,  0.243,
2460200421, 091512, 021335,    7.6,  0.304,
2460200419, 091512, 021219,   25.6,  0.303,
2460200417, 091512, 021114,   44.6,  0.350,
2460200416, 091512, 021013,   75.2,  0.317,
2460200413, 091512, 020859,  100.4,  0.335,
2460200411, 091512, 020759,  125.5,  0.305,
2470200419, 100812, 011605,    5.5,  0.287,
2470200418, 100812, 011410,   25.3,  0.293,
2470200417, 100812, 011250,   45.4,  0.306,
2470200416, 100812, 011120,   75.5,  0.315,
2470200415, 100812, 010940,  100.3,  0.285,
2470200414, 100812, 010810,  124.8,  0.194,
2470200413, 100812, 010640,  150.0,  0.129,
2480200423, 120412, 035027,    6.7,  0.258,
2480200419, 120412, 034756,   26.3,  0.274,
2480200417, 120412, 034606,   46.4,  0.248,
2480200415, 120412, 034221,   75.6,  0.315,
2480200411, 120412, 033901,  124.4,  0.176,
2490200422, 021313, 014037,    7.3,  0.343,
2490200420, 021313, 013647,   24.8,  0.342,
2490200418, 021313, 013507,   45.0,  0.336,
2490200416, 021313, 013246,   75.7,  0.282,
2490200414, 021313, 013057,  100.2,  0.256,
2490200412, 021313, 012857,  126.7,  0.258,
2490200410, 021313, 012707,  149.9,  0.140,
2500200524, 030713, 010127,    5.9,  0.248,
2500200521, 030713, 005827,   25.4,  0.267,
2500200519, 030713, 005647,   45.2,  0.283,
2500200515, 030713, 005257,  101.2,  0.311,
2500200513, 030713, 005117,  124.7,  0.263,
2510200522, 040613, 040246,    5.3,  0.319,
2510200520, 040613, 040106,   26.1,  0.293,
2510200519, 040613, 035926,   45.8,  0.300,
2510200518, 040613, 035726,   75.7,  0.284,
2510200517, 040613, 035536,  101.0,  0.258,
2510200515, 040613, 035325,  124.9,  0.203,
2520200524, 051813, 015518,    7.3,  0.277,
2520200521, 051813, 015028,   23.7,  0.306,
2520200519, 051813, 014828,   45.5,  0.314,
2520200517, 051813, 014618,   75.8,  0.285,
2520200515, 051813, 014418,  101.5,  0.294,
2520200512, 051813, 014118,  125.7,  0.261,
2530200516, 062613, 011848,    7.1,  0.302,
2530200514, 062613, 011618,   25.9,  0.305,
2530200513, 062613, 011448,   45.9,  0.326,
2530200512, 062613, 011307,   75.5,  0.285,
2530200511, 062613, 011138,  101.1,  0.298,
2530200509, 062613, 010928,  125.4,  0.233,
2540200414, 091213, 014033,   11.0,  0.377,
2540200412, 091213, 013620,   45.0,  0.360,
2540200411, 091213, 013430,   74.7,  0.277,
2540200410, 091213, 013255,   99.8,  0.225,
2540200409, 091213, 013115,  125.5,  0.160,
2550200422, 100213, 014759,    7.9,  0.396,
2550200421, 100213, 014353,   25.4,  0.401,
2550200420, 100213, 014203,   45.7,  0.410,
2550200419, 100213, 013947,   76.5,  0.412,
2550200418, 100213, 013752,  100.1,  0.276,
2550200417, 100213, 013613,  125.0,  0.211,
2560200422, 102813, 013946,    7.7,  0.365,
2560200421, 102813, 013656,   25.3,  0.363,
2560200420, 102813, 013515,   45.4,  0.334,
2560200419, 102813, 013315,   75.1,  0.352,
2560200418, 102813, 013135,  100.0,  0.256,
2560200417, 102813, 013015,  124.9,  0.181,
2570200418, 112713, 011828,    7.1,  0.352,
2570200414, 112713, 011518,   25.1,  0.333,
2570200412, 112713, 011347,   45.1,  0.333,
2570200411, 112713, 011217,   74.3,  0.318,
2570200409, 112713, 010927,  125.4,  0.205,
2580200414, 122113, 020659,    8.1,  0.226,
2580200413, 122113, 020500,   25.5,  0.288,
2580200412, 122113, 020314,   46.3,  0.406,
2580200411, 122113, 020104,   75.6,  0.265,
2580200410, 122113, 015914,   99.7,  0.213,
2580200409, 122113, 015744,  125.7,  0.135,
2580200408, 122113, 015619,  148.6,  0.097,
2590200424, 011614, 020153,    8.0,  0.286,
2590200417, 011614, 015923,   25.8,  0.286,
2590200416, 011614, 015802,   45.1,  0.283,
2590200415, 011614, 015622,   75.3,  0.264,
2590200414, 011614, 015442,  100.5,  0.277,
2590200413, 011614, 015303,  126.0,  0.281,
2600200414, 021514, 021442,    6.2,  0.265,
2600200413, 021514, 021212,   26.0,  0.278,
2600200411, 021514, 020751,   76.1,  0.321,
2600200410, 021514, 020603,  100.7,  0.245,
2600200409, 021514, 020408,  127.0,  0.189,
2610200413, 030614, 014002,    5.3,  0.286,
2610200412, 030614, 013831,   25.0,  0.340,
2610200411, 030614, 013707,   46.4,  0.305,
2610200410, 030614, 013542,   76.1,  0.331,
2610200409, 030614, 013401,  100.1,  0.315,
2630200314, 060114, 010950,    4.8,  0.384,
2630200313, 060114, 010805,   26.3,  0.345,
2630200312, 060114, 010635,   44.3,  0.339,
2630200311, 060114, 010450,   75.1,  0.284,
2630200310, 060114, 010305,   99.1,  0.300,
2630200309, 060114, 010135,  125.0,  0.263,
2640200420, 070114, 013703,    4.9,  0.354,
2640200419, 070114, 013528,   24.7,  0.379,
2640200418, 070114, 013414,   44.5,  0.354,
2640200416, 070114, 013140,   75.0,  0.326,
2640200414, 070114, 012958,  100.1,  0.275,
2640200413, 070114, 012838,  125.7,  0.294,
2650200421, 091514, 010947,    5.0,  0.378,
2650200418, 091514, 010713,   23.4,  0.351,
2650200416, 091514, 010550,   45.2,  0.347,
2650200414, 091514, 010418,   75.4,  0.372,
2650200412, 091514, 010254,  100.1,  0.277,
2650200410, 091514, 010135,  124.8,  0.197,
2660200422, 101414, 013752,    7.1,  0.469,
2660200420, 101414, 013524,   25.4,  0.392,
2660200417, 101414, 013124,   75.1,  0.342,
2660200416, 101414, 012945,  100.4,  0.279,
2660200414, 101414, 012805,  124.5,  0.199,
2670200422, 112214, 012756,    7.8,  0.381,
2670200420, 112214, 012547,   24.8,  0.403,
2670200419, 112214, 012411,   45.3,  0.390,
2670200417, 112214, 012146,   75.6,  0.326,
2670200416, 112214, 012001,  100.0,  0.319,
2670200414, 112214, 011751,  125.3,  0.201,
2680200417, 121714, 031434,    7.4,  0.280,
2680200415, 121714, 031304,   23.9,  0.314,
2680200413, 121714, 031138,   45.2,  0.284,
2680200411, 121714, 030949,   74.0,  0.295,
2680200410, 121714, 030819,   99.7,  0.327,
2680200409, 121714, 030719,  123.5,  0.236,
2680200408, 121714, 030613,  149.7,  0.125,
2690200423, 022515, 021110,    5.0,  0.327,
2690200421, 022515, 020921,   25.1,  0.339,
2690200416, 022515, 020656,   44.5,  0.409,
2690200413, 022515, 020421,   75.9,  0.318,
2690200411, 022515, 020206,  103.4,  0.377,
2690200409, 022515, 015951,  124.5,  0.269,
2690200408, 022515, 015810,  148.8,  0.178,
2700200717, 033015, 160911,    4.6,  0.293,
2700200715, 033015, 160800,   25.0,  0.318,
2700200713, 033015, 160645,   45.3,  0.300,
2700200711, 033015, 160531,   73.9,  0.282,
2700200710, 033015, 160426,   99.5,  0.298,
2700200709, 033015, 160316,  125.3,  0.263,
2700200708, 033015, 160211,  148.4,  0.182,
2710200417, 042215, 015239,    7.6,  0.333,
2710200415, 042215, 015054,   25.8,  0.343,
2710200411, 042215, 014634,   75.3,  0.356,
2710200410, 042215, 014446,  101.0,  0.370,
2710200409, 042215, 014259,  124.9,  0.319,
2710200408, 042215, 014115,  149.8,  0.184,
2720200520, 052415, 013539,    7.5,  0.361,
2720200515, 052415, 013141,   24.9,  0.335,
2720200513, 052415, 012951,   46.2,  0.329,
2720200511, 052415, 012751,   74.7,  0.345,
2720200510, 052415, 012551,  100.2,  0.294,
2720200509, 052415, 012336,  126.4,  0.341,
2730200517, 062015, 013257,    6.3,  0.310,
2730200515, 062015, 013057,   25.3,  0.338,
2730200513, 062015, 012922,   44.4,  0.398,
2730200511, 062015, 012727,   75.7,  0.347,
2730200510, 062015, 012558,   99.7,  0.333,
2730200509, 062015, 012407,  125.7,  0.281,
2730200508, 062015, 012248,  150.0,  0.200,
2740200518, 072015, 012326,    6.6,  0.311,
2740200515, 072015, 012037,   26.4,  0.330,
2740200513, 072015, 011907,   45.0,  0.407,
2740200511, 072015, 011721,   75.7,  0.394,
2740200510, 072015, 011557,  100.2,  0.316,
2740200509, 072015, 011437,  125.4,  0.284,
2740200508, 072015, 011317,  149.9,  0.141,
2750200417, 081315, 012341,    4.7,  0.305,
2750200415, 081315, 012216,   25.4,  0.320,
2750200413, 081315, 012056,   44.9,  0.378,
2750200411, 081315, 011921,   75.3,  0.360,
2750200410, 081315, 011806,  100.6,  0.314,
2750200409, 081315, 011646,  125.6,  0.221,
2770200417, 101415, 013032,    4.9,  0.462,
2770200415, 101415, 012912,   24.9,  0.390,
2770200413, 101415, 012757,   44.6,  0.342,
2770200411, 101415, 012637,   74.7,  0.353,
2770200410, 101415, 012532,  100.3,  0.300,
2770200409, 101415, 012422,  124.9,  0.191,
2770200408, 101415, 012312,  150.0,  0.130,
2780200323, 111415, 011606,    4.9,  0.382,
2780200315, 111415, 011322,   25.9,  0.375,
2780200313, 111415, 011157,   46.9,  0.391,
2780200311, 111415, 011027,   76.1,  0.316,
2780200309, 111415, 010742,  125.9,  0.192,
2790200417, 120915, 012745,    6.4,  0.319,
2790200415, 120915, 012557,   25.4,  0.323,
2790200411, 120915, 012238,   76.5,  0.319,
2790200410, 120915, 012109,  100.1,  0.263,
2790200409, 120915, 011939,  125.5,  0.205,
2790200408, 120915, 011805,  149.4,  0.179,
2800200419, 011316, 011640,    5.2,  0.295,
2800200415, 011316, 011456,   24.3,  0.304,
2800200413, 011316, 011336,   44.9,  0.316,
2800200411, 011316, 011155,   76.2,  0.302,
2800200410, 011316, 011036,   99.4,  0.230,
2800200409, 011316, 010906,  126.3,  0.172,
2810200417, 021016, 012659,    5.4,  0.267,
2810200415, 021016, 012519,   25.3,  0.286,
2810200413, 021016, 012354,   45.3,  0.325,
2810200411, 021016, 012209,   73.9,  0.286,
2810200410, 021016, 012045,  100.6,  0.307,
2810200409, 021016, 011920,  125.5,  0.275,
2810200408, 021016, 011809,  150.0,  0.373,
2820200422, 030916, 013738,    6.5,  0.321,
2820200419, 030916, 013507,   25.1,  0.314,
2820200416, 030916, 013316,   47.8,  0.323,
2820200413, 030916, 013059,   75.6,  0.307,
2820200411, 030916, 012916,   99.0,  0.300,
2820200409, 030916, 012742,  126.7,  0.240,
2820200408, 030916, 012626,  149.3,  0.220,
2830200420, 041516, 012450,    4.8,  0.285,
2830200418, 041516, 012326,   25.5,  0.276,
2830200416, 041516, 012152,   46.2,  0.375,
2830200413, 041516, 011929,   75.5,  0.285,
2830200412, 041516, 011810,  100.2,  0.276,
2830200410, 041516, 011600,  125.0,  0.264,
2840200217, 052916, 013250,    5.4,  0.324,
2840200215, 052916, 013059,   25.3,  0.288,
2840200213, 052916, 012904,   45.2,  0.318,
2840200211, 052916, 012654,   74.7,  0.265,
2840200210, 052916, 012504,   99.7,  0.262,
2840200209, 052916, 012339,  125.0,  0.292,
2850200422, 071216, 012359,    5.2,  0.318,
2850200419, 071216, 012210,   25.0,  0.316,
2850200416, 071216, 012030,   44.9,  0.325,
2850200413, 071216, 011820,   76.0,  0.298,
2850200411, 071216, 011630,   99.3,  0.304,
2850200409, 071216, 011450,  125.4,  0.272,
2860200320, 081016, 010036,    6.7,  0.303,
2860200317, 081016, 005855,   25.3,  0.336,
2860200315, 081016, 005730,   45.2,  0.328,
2860200313, 081016, 005546,   76.6,  0.328,
2860200311, 081016, 005415,  101.2,  0.275,
2860200309, 081016, 005155,  125.9,  0.249,
2870200417, 101616, 012203,    5.2,  0.327,
2870200415, 101616, 012044,   27.6,  0.338,
2870200413, 101616, 011854,   44.9,  0.343,
2870200411, 101616, 011733,   74.9,  0.340,
2870200410, 101616, 011625,   99.6,  0.308,
2870200409, 101616, 011515,  125.3,  0.235,
2870200408, 101616, 011355,  149.6,  0.164,
2880200322, 112716, 010443,    5.8,  0.308,
2880200319, 112716, 010242,   25.8,  0.315,
2880200316, 112716, 010043,   45.9,  0.303,
2880200314, 112716, 005753,   75.9,  0.419,
2880200311, 112716, 005534,  100.3,  0.366,
2880200309, 112716, 005333,  127.2,  0.194,
2890200317, 012417, 031401,    7.6,  0.259,
2890200315, 012417, 031136,   25.8,  0.256,
2890200313, 012417, 030941,   45.7,  0.278,
2890200311, 012417, 030721,   75.7,  0.264,
2890200310, 012417, 030531,  101.7,  0.271,
2890200309, 012417, 030316,  125.3,  0.165,
2890200308, 012417, 030136,  148.7,  0.089,
2900200323, 022317, 041811,    5.6,  0.325,
2900200320, 022317, 041557,   25.5,  0.298,
2900200318, 022317, 041411,   44.8,  0.307,
2900200315, 022317, 041206,   75.7,  0.283,
2900200313, 022317, 041026,  100.3,  0.304,
2900200312, 022317, 040901,  126.3,  0.232,
2910200523, 032917, 013526,    5.4,  0.291,
2910200520, 032917, 013350,   25.3,  0.326,
2910200517, 032917, 013205,   45.3,  0.350,
2910200514, 032917, 013015,   76.2,  0.329,
2910200512, 032917, 012845,  100.4,  0.303,
2910200510, 032917, 012715,  125.9,  0.304,
2920200420, 042617, 010756,    5.4,  0.351,
2920200415, 042617, 010556,   25.4,  0.339,
2920200413, 042617, 010411,   45.2,  0.415,
2920200411, 042617, 010231,   77.2,  0.368,
2920200410, 042617, 010116,  100.3,  0.347,
2920200409, 042617, 010001,  124.1,  0.335,
2920200408, 042617, 005841,  149.9,  0.116,
2930200417, 052417, 013906,    5.6,  0.290,
2930200415, 052417, 013736,   24.7,  0.305,
2930200413, 052417, 013606,   46.2,  0.297,
2930200411, 052417, 013426,   74.9,  0.354,
2930200410, 052417, 013307,  100.2,  0.297,
2930200409, 052417, 013146,  124.9,  0.302,
2940200422, 062117, 021145,    5.3,  0.304,
2940200419, 062117, 020946,   25.8,  0.317,
2940200416, 062117, 020745,   46.0,  0.320,
2940200413, 062117, 020546,   75.6,  0.382,
2940200411, 062117, 020404,   99.8,  0.327,
2940200409, 062117, 020215,  125.5,  0.281,
2950200417, 080917, 014838,    5.7,  0.404,
2950200415, 080917, 014632,   25.8,  0.395,
2950200413, 080917, 014506,   45.5,  0.332,
2950200411, 080917, 014306,   75.1,  0.367,
2950200410, 080917, 014121,  101.5,  0.315,
2950200409, 080917, 013947,  123.7,  0.236,
2960200318, 100717, 014228,    5.6,  0.311,
2960200315, 100717, 013937,   25.2,  0.327,
2960200313, 100717, 013602,   42.4,  0.273,
2960200311, 100717, 013249,   76.6,  0.369,
2960200310, 100717, 012938,   99.8,  0.287,
2960200309, 100717, 012653,  125.6,  0.270,
2960200308, 100717, 012430,  149.6,  0.177,
2970200417, 110917, 010853,    5.6,  0.298,
2970200415, 110917, 010642,   26.3,  0.313,
2970200413, 110917, 010442,   45.8,  0.317,
2970200411, 110917, 010227,   75.5,  0.322,
2970200410, 110917, 010028,  100.8,  0.327,
2970200409, 110917, 005823,  125.5,  0.158,
2980200417, 121317, 013117,    5.6,  0.338,
2980200415, 121317, 012916,   24.9,  0.348,
2980200413, 121317, 012711,   47.3,  0.333,
2980200411, 121317, 012446,   76.7,  0.328,
2980200410, 121317, 012301,  101.2,  0.335,
2980200409, 121317, 012101,  126.9,  0.295,
2990200417, 011818, 014631,    6.7,  0.209,
2990200415, 011818, 014458,   25.3,  0.302,
2990200413, 011818, 014306,   45.1,  0.290,
2990200411, 011818, 014046,   76.5,  0.288,
2990200410, 011818, 013917,  101.2,  0.281,
2990200409, 011818, 013747,  123.8,  0.282,
3000200417, 022618, 012806,    5.9,  0.273,
3000200416, 022618, 012626,   25.9,  0.312,
3000200413, 022618, 012416,   44.7,  0.273,
3000200411, 022618, 012146,   76.7,  0.273,
3000200410, 022618, 011937,  102.6,  0.278,
3000200409, 022618, 011807,  126.7,  0.185,
3010200320, 041818, 050105,    6.2,  0.341,
3010200318, 041818, 045916,   24.8,  0.351,
3010200316, 041818, 045756,   47.7,  0.336,
3010200314, 041818, 045616,   74.4,  0.363,
3010200313, 041818, 045507,   99.1,  0.329,
3010200309, 041818, 045245,  126.3,  0.267,
3010200308, 041818, 045126,  148.7,  0.178,
3020200315, 051618, 012823,   25.7,  0.359,
3020200313, 051618, 012644,   45.3,  0.301,
3020200311, 051618, 012457,   75.3,  0.303,
3020200310, 051618, 012342,  100.1,  0.290,
3020200309, 051618, 012221,  125.6,  0.268,
3020200308, 051618, 012038,  149.8,  0.192,
3030200422, 062718, 040906,    5.9,  0.310,
3030200416, 062718, 040535,   26.1,  0.322,
3030200414, 062718, 040334,   45.3,  0.335,
3030200412, 062718, 040155,   77.6,  0.349,
3030200411, 062718, 040036,  100.8,  0.351,
3030200410, 062718, 035900,  125.9,  0.275,
3040200418, 072518, 011520,    5.6,  0.310,
3040200416, 072518, 011409,   26.0,  0.334,
3040200414, 072518, 011248,   46.6,  0.618,
3040200412, 072518, 011106,   75.3,  0.345,
3040200410, 072518, 010848,  123.6,  0.211,
3050200418, 091118, 012106,    5.3,  0.244,
3050200416, 091118, 011854,   25.2,  0.229,
3050200414, 091118, 011711,   45.8,  0.316,
3050200412, 091118, 011510,   76.8,  0.251,
3050200411, 091118, 011325,  101.4,  0.166,
3050200410, 091118, 011151,  126.0,  0.189,
3060200418, 101318, 024014,    5.5,  0.278,
3060200416, 101318, 023854,   25.2,  0.318,
3060200414, 101318, 023723,   45.2,  0.267,
3060200412, 101318, 023538,   74.0,  0.276,
3060200411, 101318, 023411,   98.5,  0.283,
3060200410, 101318, 023302,  124.4,  0.186,
3060200409, 101318, 023136,  148.8,  0.118,
3070200418, 111718, 021026,    4.9,  0.304,
3070200416, 111718, 020823,   25.6,  0.302,
3070200414, 111718, 020644,   44.0,  0.295,
3070200412, 111718, 020447,   74.7,  0.295,
3070200411, 111718, 020254,  100.0,  0.222,
3070200410, 111718, 020118,  125.0,  0.144,
3070200409, 111718, 015945,  149.0,  0.137,
3090200418, 011619, 023746,    6.9,  0.362,
3090200416, 011619, 023302,   25.9,  0.364,
3090200414, 011619, 023102,   45.1,  0.312,
3090200412, 011619, 022851,   76.6,  0.298,
3090200411, 011619, 022711,   99.4,  0.275,
3090200410, 011619, 022527,  124.6,  0.194,
3100200620, 022019, 191112,    6.9,  0.261,
3100200618, 022019, 190821,   24.3,  0.260,
3100200617, 022019, 190702,   43.9,  0.250,
3100200616, 022019, 190514,   73.6,  0.266,
3100200614, 022019, 190341,  100.2,  0.291,
3100200612, 022019, 190215,  123.7,  0.257,
3100200610, 022019, 190040,  147.6,  0.143,
3110200423, 050319, 012502,    5.3,  0.234,
3110200419, 050319, 012256,   24.9,  0.290,
3110200417, 050319, 012101,   44.5,  0.308,
3110200414, 050319, 011728,   75.3,  0.292,
3110200410, 050319, 011259,  124.8,  0.262,
3110200408, 050319, 011042,  149.0,  0.173,
3120200423, 061219, 020649,    4.2,  0.264,
3120200421, 061219, 020433,   24.6,  0.315,
3120200419, 061219, 020224,   44.9,  0.315,
3120200417, 061219, 015853,   74.5,  0.324,
3120200416, 061219, 015629,  100.0,  0.262,
3120200415, 061219, 015409,  124.5,  0.206,
3130201115, 070219, 220556,    4.4,  0.270,
3130201113, 070219, 220355,   24.9,  0.301,
3130201112, 070219, 220225,   44.2,  0.341,
3130201111, 070219, 220045,   75.0,  0.311,
3130201110, 070219, 215910,   99.5,  0.316,
3130201109, 070219, 215636,  124.7,  0.250,
3130201108, 070219, 215505,  149.8,  0.116,
3140200418, 080319, 014254,    5.0,  0.357,
3140200415, 080319, 014114,   24.0,  0.338,
3140200413, 080319, 013948,   44.4,  0.265,
3140200411, 080319, 013806,   74.3,  0.381,
3140200410, 080319, 013605,   99.7,  0.305,
3140200409, 080319, 013415,  124.7,  0.250,
3140200408, 080319, 013218,  149.1,  0.138,
3150200417, 090519, 010115,    4.8,  0.314,
3150200415, 090519, 005925,   24.9,  0.360,
3150200413, 090519, 005755,   44.7,  0.358,
3150200411, 090519, 005601,   74.3,  0.356,
3150200410, 090519, 005401,   99.7,  0.298,
3150200409, 090519, 005245,  125.1,  0.219,
3150200408, 090519, 005120,  150.0,  0.129,
3160200915, 101819, 185923,    5.0,  0.317,
3160200913, 101819, 185743,   24.2,  0.334,
3160200912, 101819, 185612,   44.5,  0.329,
3160200911, 101819, 185422,   74.8,  0.320,
3160200910, 101819, 185246,   99.4,  0.285,
3160200909, 101819, 185117,  124.3,  0.183,
3160200908, 101819, 184958,  148.7,  0.137,
3170200419, 122019, 015544,    5.7,  0.276,
3170200417, 122019, 015259,   24.3,  0.280,
3170200415, 122019, 015056,   43.5,  0.250,
3170200412, 122019, 014854,   74.5,  0.273,
3170200411, 122019, 014719,   98.9,  0.278,
3170200410, 122019, 014546,  124.4,  0.163,
3170200409, 122019, 014413,  149.5,  0.102,
3180200418, 010820, 082550,    4.9,  0.177,
3180200413, 010820, 082214,   44.6,  0.246,
3180200411, 010820, 082016,   75.2,  0.265,
3180200410, 010820, 081841,   99.3,  0.311,
3180200409, 010820, 081649,  124.8,  0.161,
3190200419, 013120, 021422,    5.7,  0.284,
3190200417, 013120, 021222,   23.6,  0.285,
3190200415, 013120, 021036,   45.9,  0.245,
3190200413, 013120, 020821,   74.8,  0.270,
3190200411, 013120, 020602,  101.4,  0.208,
3190200410, 013120, 020414,  120.2,  0.141,
3190200409, 013120, 020252,  149.4,  0.101,
3200200522, 071620, 010652,    4.7,  0.272,
3200200520, 071620, 010458,   24.9,  0.282,
3200200518, 071620, 010252,   44.4,  0.327,
3200200516, 071620, 010028,   74.9,  0.315,
3200200515, 071620, 005912,  100.0,  0.324,
3200200514, 071620, 005711,  124.3,  0.249,
3200200513, 071620, 005601,  149.4,  0.138,
3210200617, 080920, 011651,    4.7,  0.315,
3210200615, 080920, 011452,   25.2,  0.340,
3210200613, 080920, 011251,   44.8,  0.374,
3210200611, 080920, 011012,   74.8,  0.303,
3210200610, 080920, 010854,   99.3,  0.365,
3210200609, 080920, 010710,  124.3,  0.229,
3210200608, 080920, 010533,  149.9,  0.163,
3220200817, 090420, 011124,    4.5,  0.293,
3220200815, 090420, 010928,   25.0,  0.321,
3220200813, 090420, 010736,   45.0,  0.354,
3220200811, 090420, 010515,   74.9,  0.357,
3220200810, 090420, 010343,   99.8,  0.328,
3220200809, 090420, 010142,  125.8,  0.262,
3230200523, 092820, 005958,    3.9,  0.267,
3230200521, 092820, 005830,   24.5,  0.317,
3230200519, 092820, 005713,   43.7,  0.299,
3230200511, 092820, 005412,   75.4,  0.411,
3230200510, 092820, 005246,   99.5,  0.306,
3230200509, 092820, 005127,  124.2,  0.256,
3230200508, 092820, 005013,  149.4,  0.099,
3240200623, 112020, 010748,    4.3,  0.301,
3240200615, 112020, 010507,   24.6,  0.311,
3240200613, 112020, 010312,   44.6,  0.292,
3240200611, 112020, 010027,   74.9,  0.326,
3240200610, 112020, 005911,   99.0,  0.262,
3240200609, 112020, 005753,  126.5,  0.150,
3240200608, 112020, 005617,  148.8,  0.200,
3250200417, 121920, 011439,    5.4,  0.262,
3250200415, 121920, 011257,   25.1,  0.274,
3250200413, 121920, 011124,   45.1,  0.288,
3250200411, 121920, 010948,   76.1,  0.281,
3250200410, 121920, 010838,   99.3,  0.237,
3250200409, 121920, 010659,  123.3,  0.145,
3250200408, 121920, 010546,  149.6,  0.123,
3260200417, 011321, 011113,    4.1,  0.257,
3260200415, 011321, 010902,   24.6,  0.274,
3260200413, 011321, 010736,   44.7,  0.292,
3260200411, 011321, 010546,   74.5,  0.271,
3260200410, 011321, 010424,  102.0,  0.199,
3260200409, 011321, 010312,  125.1,  0.148,
3260200408, 011321, 010144,  148.1,  0.115,
3270200417, 021721, 004939,    4.9,  0.286,
3270200415, 021721, 004805,   23.7,  0.335,
3270200413, 021721, 004559,   45.2,  0.323,
3270200411, 021721, 004445,   73.9,  0.277,
3270200410, 021721, 004340,   97.6,  0.258,
3270200409, 021721, 004223,  124.4,  0.232,
3270200408, 021721, 004058,  148.3,  0.131,
3280200422, 032421, 041801,    5.7,  0.288,
3280200420, 032421, 041601,   24.9,  0.274,
3280200419, 032421, 041341,   45.0,  0.283,
3280200418, 032421, 041021,   73.1,  0.306,
3280200417, 032421, 040817,   97.3,  0.336,
3280200415, 032421, 040501,  124.3,  0.277,
3280200413, 032421, 040257,  147.8,  0.156,
3290200417, 041421, 010322,    3.4,  0.311,
3290200415, 041421, 010103,   24.0,  0.324,
3290200413, 041421, 005844,   44.6,  0.336,
3290200411, 041421, 005606,   72.6,  0.284,
3290200410, 041421, 005440,   98.4,  0.376,
3290200409, 041421, 005304,  123.2,  0.190,
3300200422, 051721, 010303,    4.7,  0.289,
3300200421, 051721, 010126,   24.7,  0.285,
3300200420, 051721, 005935,   44.4,  0.291,
3300200419, 051721, 005800,   73.4,  0.311,
3300200418, 051721, 005645,   99.7,  0.277,
3300200409, 051721, 005200,  123.6,  0.239,
3300200408, 051721, 005042,  148.4,  0.148,
3310200418, 062321, 005742,    5.0,  0.294,
3310200415, 062321, 005537,   24.5,  0.310,
3310200413, 062321, 005251,   46.4,  0.325,
3310200411, 062321, 005116,   74.1,  0.354,
3310200410, 062321, 005008,   98.6,  0.327,
3310200408, 062321, 004742,  148.9,  0.201,
3320200314, 071721, 011423,    6.1,  0.348,
3320200313, 071721, 011153,   25.4,  0.360,
3320200312, 071721, 011023,   44.0,  0.390,
3320200310, 071721, 010633,  100.2,  0.303,
3320200309, 071721, 010441,  125.3,  0.256,
3320200308, 071721, 010248,  149.6,  0.166,
3330200821, 103021, 022022,    6.8,  0.380,
3330200818, 103021, 021753,   25.4,  0.389,
3330200817, 103021, 021601,   45.6,  0.365,
3330200812, 103021, 021328,   76.1,  0.358,
3330200811, 103021, 021157,  101.4,  0.292,
3330200809, 103021, 021034,  125.4,  0.229,
3330200808, 103021, 020907,  149.8,  0.210,
3340200318, 120621, 102827,    5.9,  0.324,
3340200316, 120621, 102622,   26.4,  0.311,
3340200314, 120621, 102447,   46.3,  0.299,
3340200312, 120621, 102147,   77.0,  0.286,
3340200311, 120621, 102012,  101.0,  0.253,
3340200309, 120621, 101827,  125.9,  0.182,
3340200308, 120621, 101657,  150.0,  0.123,