Hawaii Ocean Time-series : 07-Sep-2023 04:12:37
https://hahana.soest.hawaii.edu/hot/hot-dogs/bextraction.html

botid, date, time, press, psi, 
#, mmddyy, hhmmss, dbar, nmol/kg, 
0760201211, 100396, 005435,    4.8,  12.80,
0760201210, 100396, 005327,   24.3,  15.15,
0760201209, 100396, 005215,   44.4,  41.79,
0760201208, 100396, 005059,   74.4,   9.73,
0760201207, 100396, 004949,   99.2,  10.22,
0760201206, 100396, 004831,  124.3,  25.15,
0760201205, 100396, 004715,  148.8,   8.84,
0800201214, 021997, 005639,    4.6,   0.85,
0800201213, 021997, 005503,   25.3,   0.92,
0800201212, 021997, 005345,   49.8,   4.47,
0800201211, 021997, 005218,   75.2,   4.40,
0800201210, 021997, 005036,  100.2,   7.06,
0800201209, 021997, 004922,  124.4,   7.48,
0800201208, 021997, 004757,  149.8,  13.09,
0810201115, 031297, 214807,    4.5,   3.08,
0810201114, 031297, 214703,   25.4,   2.05,
0810201113, 031297, 214549,   45.8,  11.59,
0810201112, 031297, 214431,   75.7,   9.33,
0810201111, 031297, 214327,  100.1,   8.52,
0810201110, 031297, 214227,  127.2,   0.55,
0830201116, 050797, 215009,    4.6,   4.17,
0830201115, 050797, 214859,   24.4,   4.60,
0830201114, 050797, 214745,   50.2,   2.77,
0830201113, 050797, 214645,   74.8,   0.00,
0830201112, 050797, 214539,   98.9,   0.00,
0830201111, 050797, 214437,  125.5,   3.29,
0840201110, 060497, 215206,    4.6,   8.97,
0840201109, 060497, 215040,   25.8,  23.06,
0840201108, 060497, 214916,   44.9,  20.81,
0840201107, 060497, 214742,   74.5,   6.34,
0840201106, 060497, 214622,   99.8,   7.70,
0840201105, 060497, 214424,  124.4,  10.90,
0840201104, 060497, 214238,  149.5,  39.81,
0850201111, 070997, 215243,    4.6,  17.68,
0850201110, 070997, 215129,   24.9,  21.33,
0850201109, 070997, 215027,   44.7,  20.60,
0850201108, 070997, 214917,   75.9,  24.19,
0850201107, 070997, 214807,  100.4,  11.66,
0850201106, 070997, 214659,  125.2,   8.14,
0860200710, 080297, 224649,    4.4,   3.12,
0860200708, 080297, 224441,   45.2,   8.64,
0860200707, 080297, 224317,   74.3,   0.65,
0860200706, 080297, 224213,   99.0,   8.46,
0860200705, 080297, 224055,  124.4,  13.27,
0860200704, 080297, 223949,  149.6,   3.04,
0910201012, 031998, 005845,    5.5,   3.89,
0910201011, 031998, 005717,   25.3,   2.48,
0910201010, 031998, 005553,   45.1,   4.19,
0910201009, 031998, 005423,   75.3,   9.62,
0910201008, 031998, 005303,  100.3,  13.94,
0910201007, 031998, 005143,  125.6,   7.26,
0920200923, 041598, 181154,    5.3,  76.32,
0920200919, 041598, 180738,   25.3,  30.02,
0920200914, 041598, 180208,   50.5,  24.30,
0920200911, 041598, 175830,   75.0,  24.27,
0920200908, 041598, 175436,  106.2,  24.42,
0920200906, 041598, 175150,  123.8,  53.22,
0920200905, 041598, 175026,  149.7,  34.17,
0930201112, 051498, 011554,    5.4,  20.95,
0930201111, 051498, 011413,   25.7,  74.42,
0930201110, 051498, 011250,   44.3,   8.56,
0930201109, 051498, 011051,   74.9,  14.61,
0930201108, 051498, 010912,  101.9,  18.18,
0930201107, 051498, 010729,  123.8,  30.85,
0940201311, 061898, 135541,    5.0,  51.52,
0940201310, 061898, 135418,   25.1,  24.27,
0940201308, 061898, 135247,   45.4,  17.96,
0940201307, 061898, 135110,   75.1,  11.79,
0940201306, 061898, 134939,  101.4,  19.24,
0940201305, 061898, 134804,  125.5,  33.06,
0940201304, 061898, 134632,  149.8,  36.02,
0950201310, 071698, 135528,    5.3,  29.92,
0950201309, 071698, 135404,   25.2,  20.61,
0950201308, 071698, 135244,   45.7,  23.92,
0950201307, 071698, 135103,   75.2,  17.78,
0950201306, 071698, 134924,  100.5,  13.45,
0950201305, 071698, 134744,  125.8,  30.36,
0960200910, 081198, 015013,    5.3, 146.05,
0960200908, 081198, 014735,   45.4,  84.88,
0960200907, 081198, 014610,   75.2,  20.73,
0960200906, 081198, 014451,  100.6,   2.67,
0960200905, 081198, 014336,  124.9,  25.17,
0970200910, 092998, 015038,    5.2,   6.60,
0970200909, 092998, 014922,   25.1,   0.22,
0970200908, 092998, 014813,   46.1,   0.00,
0970200907, 092998, 014703,   75.2,   2.27,
0970200906, 092998, 014552,  100.1,   8.49,
0970200905, 092998, 014447,  124.9,   9.75,
0980201116, 101998, 230406,    5.8,  40.99,
0980201115, 101998, 230233,   24.8,  20.62,
0980201114, 101998, 230113,   45.1,  18.13,
0980201113, 101998, 225928,   75.8,  19.74,
0980201112, 101998, 225744,  101.2,  24.45,
0980201111, 101998, 225616,  125.9,  21.49,
0990201210, 111298, 004729,    5.7,   3.51,
0990201209, 111298, 004609,   26.5,   0.00,
0990201208, 111298, 004459,   46.1,   0.00,
0990201207, 111298, 004330,   75.1,   1.20,
0990201206, 111298, 004214,  101.1,   9.38,
0990201205, 111298, 004059,  126.6,   4.52,
1000201111, 120998, 235417,    5.5,   1.89,
1000201110, 120998, 235312,   25.2,   5.09,
1000201109, 120998, 235157,   45.5,   8.72,
1000201108, 120998, 235042,   75.3,  16.89,
1000201107, 120998, 234927,  100.0,   0.00,
1000201106, 120998, 234807,  126.9,   1.90,
1010201117, 011499, 010031,    5.6,   8.71,
1010201115, 011499, 005901,   25.2,  11.96,
1010201114, 011499, 005741,   46.4,  11.80,
1010201113, 011499, 005611,   75.8,   8.50,
1010201112, 011499, 005446,  100.2,   5.33,
1010201111, 011499, 005300,  125.4,   4.36,
1020201310, 021999, 115134,    6.6,   5.27,
1020201309, 021999, 115009,   26.4,   8.76,
1020201308, 021999, 114840,   46.0,   4.26,
1020201307, 021999, 114659,   76.0,  18.43,
1020201306, 021999, 114524,  100.9,   9.80,
1020201305, 021999, 114353,  126.1,  10.54,
1030200912, 031799, 165446,    6.8,   6.75,
1030200911, 031799, 165251,   25.4,  13.75,
1030200910, 031799, 165146,   45.3,   8.93,
1030200909, 031799, 165031,   75.7,   6.04,
1030200908, 031799, 164912,  100.1,   4.27,
1030200907, 031799, 164751,  126.5,   3.75,
1030200906, 031799, 164646,  149.7,   8.76,
1040201321, 041599, 155655,   15.4,  10.62,
1040201319, 041599, 155512,   26.3,  10.24,
1040201316, 041599, 155248,   46.3,  18.66,
1040201313, 041599, 155009,   76.1,   9.44,
1040201311, 041599, 154804,  101.5,  10.89,
1040201307, 041599, 154456,  126.5,   8.50,
1050200910, 051099, 165202,    5.2,  15.70,
1050200909, 051099, 165047,   24.4,  24.18,
1050200908, 051099, 164947,   44.0,   3.04,
1050200907, 051099, 164832,   76.0,   5.04,
1050200906, 051099, 164732,   99.7,  12.35,
1050200905, 051099, 164622,  125.8,  13.42,
1060200910, 071499, 165745,    4.3,  15.14,
1060200909, 071499, 165610,   24.9,  21.82,
1060200908, 071499, 165501,   44.5,   9.70,
1060200907, 071499, 165340,   74.8,   6.15,
1060200906, 071499, 165226,   99.2,   6.68,
1060200905, 071499, 165110,  124.6,  11.33,
1060200904, 071499, 164951,  149.6,   5.41,
1070201210, 081499, 165832,    4.5,   4.95,
1070201209, 081499, 165713,   25.2,   9.88,
1070201208, 081499, 165603,   44.9,  11.02,
1070201207, 081499, 165440,   75.1,   8.21,
1070201206, 081499, 165327,   99.4,  20.43,
1070201205, 081499, 165207,  124.2,  19.79,
1080200911, 101599, 175419,    4.9,   5.74,
1080200909, 101599, 175204,   24.7,   7.56,
1080200908, 101599, 175050,   44.8,   5.14,
1080200907, 101599, 174919,   74.7,   4.19,
1080200906, 101599, 174749,  100.2,   5.30,
1080200905, 101599, 174629,  124.6,  13.34,
1080200904, 101599, 174509,  150.0,  17.05,
1090201012, 110999, 184529,    4.5,   6.30,
1090201010, 110999, 184414,   24.3,   7.72,
1090201008, 110999, 184259,   44.2,   8.64,
1090201007, 110999, 184144,   74.0,   2.92,
1090201006, 110999, 184029,   99.1,   5.92,
1090201005, 110999, 183915,  124.1,   9.11,
1090201004, 110999, 183759,  149.2,   6.25,
1100200910, 121599, 164946,    5.0,  14.40,
1100200909, 121599, 164836,   24.9,  14.33,
1100200908, 121599, 164726,   44.9,  14.42,
1100200907, 121599, 164612,   75.3,  10.05,
1100200906, 121599, 164457,   99.9,  10.63,
1100200905, 121599, 164346,  123.4,  11.77,
1100200904, 121599, 164216,  149.3,  10.90,
1110201010, 020300, 185101,    4.5,  13.82,
1110201009, 020300, 184941,   24.9,  16.02,
1110201008, 020300, 184831,   45.1,  17.94,
1110201007, 020300, 184711,   74.7,  16.22,
1110201006, 020300, 184601,   98.9,  19.25,
1110201005, 020300, 184446,  125.0,  18.19,
1110201004, 020300, 184330,  148.9,  13.33,
1120201119, 030100, 184801,    4.7,  17.92,
1120201116, 030100, 184611,   24.3,  18.13,
1120201113, 030100, 184451,   44.3,  17.73,
1120201110, 030100, 184321,   75.1,  16.41,
1120201109, 030100, 184216,  101.0,  14.15,
1120201107, 030100, 184101,  124.5,  15.10,
1120201106, 030100, 184001,  149.4,  13.57,
1130201210, 033000, 015556,    4.6,  16.88,
1130201209, 033000, 015431,   24.7,  15.83,
1130201208, 033000, 015311,   45.2,  17.92,
1130201207, 033000, 015116,   74.9,  19.15,
1130201206, 033000, 014941,  100.2,  11.25,
1130201205, 033000, 014811,  124.2,  11.90,
1130201204, 033000, 014126,  150.0,   9.05,
1140201212, -00009, -00009,    4.4,   9.02,
1140201211, -00009, -00009,   24.7,   8.59,
1140201210, 042700, 015430,   44.4,   9.45,
1140201208, 042700, 015117,   74.7,  11.13,
1140201206, 042700, 014718,   99.3,  11.90,
1140201205, 042700, 014534,  124.4,  12.81,
1140201204, 042700, 014337,  148.8,  13.08,
1150200919, 052500, 045902,    4.8,  56.87,
1150200917, 052500, 045726,   25.1,  14.96,
1150200915, 052500, 045556,   44.2,  12.64,
1150200913, 052500, 045306,   74.9,   4.78,
1150200911, 052500, 045137,   99.7,  12.31,
1150200909, 052500, 045001,  124.8,  13.03,
1150200907, 052500, 044828,  149.5,  11.91,
1160201308, 062200, 014524,    5.0,  34.04,
1160201307, 062200, 014355,   24.7,  65.75,
1160201306, 062200, 014044,   44.3,  42.72,
1160201305, 062200, 014044,   74.4,   6.71,
1160201304, 062200, 013909,  100.1,   3.98,
1160201303, 062200, 013734,  125.6,  12.05,
1170200917, 072600, 225833,    4.3,  96.52,
1170200915, 072600, 225713,   25.5, 160.99,
1170200914, 072600, 225618,   45.2, 112.38,
1170200911, 072600, 225428,   74.2,  38.80,
1170200909, 072600, 225318,   99.4,  43.88,
1170200908, 072600, 225218,  125.3,  11.31,
1170200906, 072600, 225108,  148.8,  13.88,
1180201124, 082300, 193220,    4.8,   0.38,
1180201123, 082300, 193107,   25.2,   0.00,
1180201122, 082300, 192948,   44.0,   0.39,
1180201121, 082300, 192818,   74.6,   8.81,
1180201120, 082300, 192650,   98.9,   0.29,
1180201119, 082300, 192340,  124.8,  21.82,
1180201118, 082300, 192340,  149.1,   0.00,
1190201212, 101900, 004501,    5.2,   0.00,
1190201211, 101900, 004356,   24.0,   0.00,
1190201210, 101900, 004301,   44.1,  12.53,
1190201209, 101900, 004156,   74.7,   0.00,
1190201208, 101900, 004021,  100.5,   0.00,
1190201207, 101900, 003821,  125.6,  16.59,
1190201206, 101900, 003711,  149.1,   0.00,
1200201220, 120100, 005021,    5.0,   8.97,
1200201219, 120100, 004912,   24.2,  18.06,
1200201218, 120100, 004805,   44.2,  16.48,
1200201217, 120100, 004649,   74.7,  30.08,
1200201216, 120100, 004542,   98.5,  35.32,
1200201215, 120100, 004431,  123.3,  24.25,
1200201214, 120100, 004331,  149.1,  20.05,
1210200412, 121900, 214610,    4.7,  19.90,
1210200411, 121900, 214449,   24.2,  16.85,
1210200410, 121900, 214339,   44.8,  20.23,
1210200408, 121900, 214214,   74.9,  17.33,
1210200407, 121900, 214109,   98.3,  12.39,
1210200406, 121900, 213954,  123.9,   8.80,
1210200405, 121900, 213830,  149.5,   1.71,
1220200719, 011701, 095852,    3.8,  12.66,
1220200717, 011701, 095555,   43.5,  14.78,
1220200716, 011701, 095353,   73.0,  14.31,
1220200715, 011701, 095156,   99.2,  11.70,
1220200709, 011701, 094608,  123.4,  20.75,
1220200706, 011701, 094140,  148.9,  15.09,
1230200918, 021601, 010729,    3.9,  16.51,
1230200916, 021601, 010554,   24.0,  17.90,
1230200914, 021601, 010409,   44.1,  16.66,
1230200912, 021601, 010239,   75.2,  18.73,
1230200910, 021601, 010114,   99.2,  19.74,
1230200908, 021601, 005944,  120.5,   9.55,
1240200524, 032101, 155855,    3.9,  15.23,
1240200523, 032101, 155741,   24.0,  16.75,
1240200511, 032101, 155211,   44.5,  16.56,
1240200510, 032101, 155046,   74.8,  17.67,
1240200507, 032101, 154836,   98.9,  12.91,
1240200504, 032101, 154611,  125.7,  26.48,
1240200503, 032101, 154451,  149.1,  23.23,
1250200514, 041801, 034851,    3.9,  22.37,
1250200513, 041801, 034851,   23.4,  22.26,
1250200512, 041801, 034851,   44.0,  26.93,
1250200511, 041801, 034851,   73.0,  22.48,
1250200510, 041801, 034851,   99.1,  24.47,
1250200509, 041801, 034851,  123.8,  17.72,
1250200508, 041801, 034851,  148.6,  18.59,
1260201410, 051801, 034840,    4.3,  12.11,
1260201409, 051801, 034720,   23.7,  11.55,
1260201408, 051801, 034609,   44.2,  13.42,
1260201407, 051801, 034445,   73.6,  12.18,
1260201406, 051801, 034329,   98.7,  15.95,
1260201405, 051801, 034215,  124.5,  17.42,
1260201404, 051801, 034058,  148.2,  11.91,
1270200316, 061301, 222001,    3.9,  21.45,
1270200315, 061301, 221900,   24.1,  20.48,
1270200314, 061301, 221750,   43.8,  10.51,
1270200313, 061301, 221631,   74.2,  15.18,
1270200312, 061301, 221516,   98.9,  16.25,
1270200311, 061301, 221347,  123.9,  18.29,
1270200310, 061301, 221232,  148.7,  22.12,
1280200211, 071001, 215046,    5.1,   9.69,
1280200210, 071001, 214925,   25.6,  10.69,
1280200209, 071001, 214804,   44.3,   7.24,
1280200208, 071001, 214642,   74.0,  12.47,
1280200207, 071001, 214517,   99.1,  14.69,
1280200206, 071001, 214401,  125.0,  12.25,
1280200205, 071001, 214240,  149.5,  10.33,
1290200210, 080701, 155609,    4.8,  19.57,
1290200209, 080701, 155450,   24.9,  19.21,
1290200208, 080701, 155328,   44.7,  19.06,
1290200207, 080701, 155157,   75.0,  10.94,
1290200206, 080701, 155035,   99.5,  13.94,
1290200205, 080701, 154916,  124.2,  12.04,
1290200204, 080701, 154748,  149.7,   9.13,
1300200310, 100101, 214921,    4.9,   4.77,
1300200309, 100101, 214812,   25.1,   4.12,
1300200308, 100101, 214707,   45.1,   3.92,
1300200307, 100101, 214551,   76.4,   3.89,
1300200306, 100101, 214436,   99.5,   6.11,
1300200305, 100101, 214336,  124.3,   0.84,
1300200304, 100101, 214231,  149.8,   9.04,
1310200317, 102201, 215523,    4.8,  27.72,
1310200316, 102201, 215403,   24.5,  29.17,
1310200314, 102201, 215139,   44.5,  24.95,
1310200312, 102201, 214924,   74.5,  26.21,
1310200309, 102201, 214655,   99.5,  10.14,
1310200307, 102201, 214415,  126.3,  10.16,
1310200305, 102201, 214203,  149.6,  13.60,
1320200312, 111601, 220206,    3.9,  12.92,
1320200311, 111601, 220024,   24.0,  16.91,
1320200310, 111601, 215914,   44.3,  33.98,
1320200309, 111601, 215759,   73.8,  28.86,
1320200308, 111601, 215644,   99.3,  11.93,
1320200307, 111601, 215517,  124.3,  11.31,
1320200306, 111601, 215347,  148.1,   8.51,
1330200414, 121501, 150138,    4.5,  33.68,
1330200413, 121501, 145953,   25.0,  34.93,
1330200411, 121501, 145818,   44.7,  41.50,
1330200410, 121501, 145628,   75.2,  28.05,
1330200409, 121501, 145453,  100.0,  24.63,
1330200408, 121501, 145323,  125.1,  25.85,
1330200406, 121501, 145123,  149.9,  25.04,
1340200310, 011502, 215044,    4.3,  14.47,
1340200309, 011502, 214929,   24.5,  18.19,
1340200308, 011502, 214829,   44.4,  13.60,
1340200307, 011502, 214714,   75.0,  13.34,
1340200306, 011502, 214544,  100.2,  17.54,
1340200305, 011502, 214444,  122.9,  18.79,
1340200304, 011502, 214329,  149.8,   9.36,
1350200322, 022002, 220124,    4.1,   3.60,
1350200321, 022002, 215943,   23.8,   3.83,
1350200319, 022002, 215753,   44.6,   1.47,
1350200317, 022002, 215524,   75.7,   0.74,
1350200315, 022002, 215338,   99.3,   3.22,
1350200313, 022002, 215144,  125.5,   3.77,
1360200411, 031202, 214701,    4.3,  10.10,
1360200409, 031202, 214520,   24.7,  10.69,
1360200408, 031202, 214410,   44.1,   9.25,
1360200407, 031202, 214245,   74.3,  11.00,
1360200406, 031202, 214130,   99.2,   7.02,
1360200405, 031202, 213951,  124.5,  10.72,
1360200404, 031202, 213831,  148.9,  15.94,
1370201111, 052102, 214747,    3.6,   0.00,
1370201110, 052102, 214631,   24.3,  18.84,
1370201109, 052102, 214511,   46.4,  15.56,
1370201107, 052102, 214327,   73.8,   6.42,
1370201106, 052102, 214207,   99.2,   6.43,
1370201105, 052102, 214047,  124.2,  17.02,
1370201104, 052102, 213927,  149.2,   0.00,
1380200811, 063002, 074356,    4.5,  11.53,
1380200810, 063002, 074303,   23.7,  20.45,
1380200809, 063002, 074220,   44.2,  10.40,
1380200808, 063002, 074112,   73.5,   2.12,
1380200807, 063002, 074017,   99.6,   1.48,
1380200805, 063002, 073855,  123.7,   6.19,
1380200804, 063002, 073755,  148.8,   6.54,
1390200712, 082802, 101620,    5.1,   1.27,
1390200710, 082802, 101455,   24.9,   3.94,
1390200709, 082802, 101350,   45.2,   0.85,
1390200707, 082802, 101135,   75.7,   3.19,
1390200706, 082802, 101010,   99.5,   6.94,
1390200705, 082802, 100845,  125.0,  13.65,
1390200704, 082802, 100725,  149.8,  14.97,
1400200324, 100602, 215108,    5.5,   4.96,
1400200322, 100602, 214913,   25.5,  12.01,
1400200320, 100602, 214738,   44.5,  10.56,
1400200318, 100602, 214553,   75.7,   0.00,
1400200317, 100602, 214443,   98.0,   7.15,
1400200316, 100602, 214338,  124.2,  13.83,
1400200315, 100602, 214238,  149.4,   8.73,
1410201011, 110402, 185330,    4.6,   6.02,
1410201009, 110402, 185154,   25.3,   4.20,
1410201008, 110402, 185019,   45.8,   5.09,
1410201007, 110402, 184824,   74.6,   7.89,
1410201006, 110402, 184635,  101.0,   1.27,
1410201005, 110402, 184444,  124.2,   2.68,
1420200913, 112502, 185857,    4.7,   9.52,
1420200910, 112502, 185658,   25.5,  11.56,
1420200909, 112502, 185533,   46.8,   9.99,
1420200908, 112502, 185247,   73.9,   7.11,
1420200906, 112502, 185103,   97.5,   5.92,
1420200905, 112502, 184819,  125.2,   7.69,
1420200904, 112502, 184608,  149.2,   5.80,
1430201016, 121902, 185905,    9.5,   1.56,
1430201012, 121902, 185715,   23.8,   4.99,
1430201011, 121902, 185525,   45.3,   0.00,
1430201010, 121902, 185245,   74.1,   4.11,
1430201006, 121902, 185010,  101.7,   7.91,
1430201005, 121902, 184825,  125.8,   7.79,
1430201004, 121902, 184645,  149.6,   4.55,
1440201010, 011703, 215155,    4.6,  12.91,
1440201009, 011703, 215040,   25.0,  15.96,
1440201008, 011703, 214940,   45.6,  12.73,
1440201007, 011703, 214825,   75.2,  15.57,
1440201006, 011703, 214711,  101.4,  10.40,
1440201005, 011703, 214554,  125.0,   6.30,
1440201004, 011703, 214440,  146.6,   3.88,
1450201014, 022603, 185215,    4.0,   3.22,
1450201010, 022603, 184955,   24.4,   8.02,
1450201009, 022603, 184840,   44.6,   0.00,
1450201008, 022603, 184709,   74.7,   0.44,
1450201007, 022603, 184554,   99.5,  15.97,
1450201006, 022603, 184439,  125.4,   5.61,
1460201010, 032903, 190530,   10.3,   8.64,
1460201009, 032903, 190421,   23.1,   8.14,
1460201008, 032903, 190254,   45.5,  14.08,
1460201007, 032903, 190129,   75.2,   5.84,
1460201006, 032903, 185929,  101.1,   2.33,
1460201005, 032903, 185749,  123.7,   3.42,
1460201004, 032903, 185459,  148.1,  11.45,
1470201010, 042403, 184637,    3.9,  14.65,
1470201009, 042403, 184527,   24.6,  12.94,
1470201008, 042403, 184417,   44.3,  10.43,
1470201007, 042403, 184257,   74.3,   7.03,
1470201006, 042403, 184142,   99.2,   8.54,
1470201005, 042403, 184027,  123.6,  17.72,
1470201004, 042403, 183917,  149.4,  14.06,
1480201010, 052103, 184800,    4.1,  17.60,
1480201009, 052103, 184640,   23.5,  11.84,
1480201008, 052103, 184535,   44.8,  16.76,
1480201007, 052103, 184345,   74.4,  10.52,
1480201006, 052103, 184220,   98.8,   6.61,
1480201005, 052103, 184100,  124.3,  13.41,
1480201004, 052103, 183940,  149.6,  15.35,
1490201010, 062003, 185518,    5.1,  20.89,
1490201009, 062003, 185348,   24.5,  23.06,
1490201008, 062003, 185220,   44.9,  19.81,
1490201007, 062003, 185048,   75.0,  14.46,
1490201006, 062003, 184909,  100.2,  25.93,
1490201005, 062003, 184737,  125.4,  25.54,
1490201004, 062003, 184549,  149.6,  20.46,
1500201010, 072003, 184717,    5.0,  10.88,
1500201009, 072003, 184601,   25.4,  20.37,
1500201008, 072003, 184507,   45.3,  31.99,
1500201007, 072003, 184341,   75.2,  14.21,
1500201006, 072003, 184241,   98.1,  20.82,
1500201005, 072003, 184131,  124.6,  23.37,
1500201004, 072003, 184016,  149.7,  33.88,
1510201010, 082103, 184716,    5.4,  17.28,
1510201009, 082103, 184616,   25.2,  22.17,
1510201008, 082103, 184517,   45.9,  21.17,
1510201007, 082103, 184406,   74.3,  20.55,
1510201006, 082103, 184305,   99.0,  13.15,
1510201005, 082103, 184207,  124.6,  12.63,
1510201004, 082103, 184106,  149.6,  16.69,
1520201010, 101503, 185606,    4.2,  18.50,
1520201009, 101503, 185456,   24.4,  15.52,
1520201008, 101503, 185347,   45.9,  20.37,
1520201007, 101503, 185221,   74.0,  15.46,
1520201006, 101503, 185106,   99.9,  20.10,
1520201005, 101503, 184948,  124.9,  15.22,
1520201004, 101503, 184811,  149.4,  11.78,
1530201011, 111003, 191317,    3.9,  20.50,
1530201009, 111003, 191118,   23.1,  20.07,
1530201008, 111003, 191002,   43.9,  19.90,
1530201007, 111003, 190832,   72.4,  15.30,
1530201006, 111003, 190702,   97.6,  19.27,
1530201005, 111003, 190546,  123.7,  17.74,
1530201004, 111003, 190416,  150.0,  11.87,
1540200914, 122003, 190039,    5.8,  22.66,
1540200912, 122003, 185859,   25.9,  18.07,
1540200910, 122003, 185740,   44.6,  17.84,
1540200908, 122003, 185559,   75.3,  18.02,
1540200906, 122003, 185430,  101.0,  17.85,
1540200905, 122003, 185310,  127.4,  15.44,
1550201010, 012204, 184853,    4.2,  26.44,
1550201009, 012204, 184743,   24.6,  26.16,
1550201008, 012204, 184639,   45.3,  25.86,
1550201007, 012204, 184523,   75.4,  24.10,
1550201006, 012204, 184413,  101.2,  24.72,
1550201005, 012204, 184308,  122.9,  20.61,
1550201004, 012204, 184204,  148.5,  14.27,
1560201010, 022504, 184620,    4.8,  15.36,
1560201009, 022504, 184501,   24.5,  11.94,
1560201008, 022504, 184350,   44.3,  15.54,
1560201007, 022504, 184235,   75.4,  16.24,
1560201006, 022504, 184115,   99.3,  17.19,
1560201005, 022504, 184005,  124.9,  15.09,
1560201004, 022504, 183900,  148.9,  18.08,
1570201010, 032004, 191937,    5.2,  27.15,
1570201009, 032004, 191758,   24.6,  18.36,
1570201008, 032004, 191623,   43.1,  24.98,
1570201007, 032004, 191410,   72.6,  24.32,
1570201006, 032004, 191237,   99.0,  28.65,
1570201005, 032004, 191056,  123.1,  32.30,
1570201004, 032004, 190918,  146.9,  15.49,
1580201010, 042104, 184732,    4.0,  25.86,
1580201009, 042104, 184616,   24.5,  27.40,
1580201008, 042104, 184502,   45.6,  17.42,
1580201007, 042104, 184346,   73.8,  12.50,
1580201006, 042104, 184231,   99.1,  19.55,
1580201005, 042104, 184117,  124.2,  17.57,
1580201004, 042104, 184007,  148.6,  19.21,
1590201010, 051904, 184706,    4.1,  14.99,
1590201009, 051904, 184602,   23.8,  14.95,
1590201008, 051904, 184456,   44.1,  15.12,
1590201007, 051904, 184334,   74.3,  19.68,
1590201006, 051904, 184221,   99.6,  19.58,
1590201005, 051904, 184111,  124.4,  22.29,
1590201004, 051904, 184006,  149.5,   6.57,
1600201110, 061604, 184731,    4.1,  27.97,
1600201109, 061604, 184626,   24.4,  29.60,
1600201108, 061604, 184506,   44.1,  31.21,
1600201107, 061604, 184346,   74.0,  26.20,
1600201106, 061604, 184236,   99.3,  16.26,
1600201105, 061604, 184126,  124.4,  12.88,
1600201104, 061604, 184011,  149.2,  14.20,
1610200521, 071404, 032503,    5.2,  19.62,
1610200518, 071404, 032254,   24.0,  27.86,
1610200515, 071404, 032054,   44.1,  18.04,
1610200511, 071404, 031733,   75.4,  15.19,
1610200509, 071404, 031614,   99.8,  10.92,
1610200507, 071404, 031457,  125.2,   9.64,
1610200505, 071404, 031344,  150.0,  10.30,
1620200819, 081604, 232027,    4.8,  27.81,
1620200817, 081604, 231920,   24.4,  15.69,
1620200815, 081604, 231815,   44.4,  17.61,
1620200813, 081604, 231701,   74.9,  19.09,
1620200811, 081604, 231541,   99.5,  39.49,
1620200809, 081604, 231425,  123.6,  20.29,
1620200807, 081604, 231315,  148.9,  25.11,
1630201110, 092904, 184509,    4.8,  22.86,
1630201109, 092904, 184404,   24.9,  22.74,
1630201108, 092904, 184254,   46.1,  19.17,
1630201107, 092904, 184134,   75.3,  16.88,
1630201106, 092904, 184009,   99.2,  19.94,
1630201105, 092904, 183844,  124.7,  20.32,
1640201017, 103104, 185711,    4.2,  17.82,
1640201015, 103104, 185537,   24.9,  18.74,
1640201013, 103104, 185406,   45.6,  19.02,
1640201011, 103104, 185216,   75.0,  13.66,
1640201009, 103104, 185026,   98.5,  12.10,
1640201007, 103104, 184836,  124.3,  17.36,
1650201119, 112804, 184835,    5.1,  16.14,
1650201116, 112804, 184659,   25.2,  19.60,
1650201115, 112804, 184557,   44.7,  21.41,
1650201112, 112804, 184336,   74.7,  19.53,
1650201109, 112804, 184200,  100.4,  26.75,
1650201107, 112804, 184037,  124.7,  16.38,
1660201214, 122104, 185328,    5.3,  20.84,
1660201213, 122104, 185212,   25.0,  18.55,
1660201212, 122104, 185058,   45.0,  17.78,
1660201211, 122104, 184942,   73.5,  19.80,
1660201209, 122104, 184822,   99.5,  21.66,
1660201207, 122104, 184652,  124.3,  13.67,
1660201205, 122104, 184458,  149.9,  18.04,
1670201220, 020205, 222755,    4.6,   9.66,
1670201215, 020205, 222544,   24.8,  10.32,
1670201212, 020205, 222405,   45.0,  13.02,
1670201209, 020205, 222214,   75.3,  16.32,
1670201206, 020205, 222015,  100.6,  20.07,
1670201203, 020205, 221825,  127.1,  15.29,
1680201210, 030505, 213754,    4.6,  24.93,
1680201209, 030505, 213644,   25.8,  19.87,
1680201208, 030505, 213524,   45.0,  16.05,
1680201207, 030505, 213334,   74.9,  19.24,
1680201206, 030505, 213159,  101.0,  30.43,
1680201205, 030505, 213024,  124.8,  16.21,
1680201204, 030505, 212854,  149.1,   9.84,
1690201620, 051905, 185512,   11.6,   7.53,
1690201618, 051905, 185330,   25.5,  12.10,
1690201616, 051905, 185145,   43.5,  11.93,
1690201614, 051905, 185010,   74.6,  14.09,
1690201612, 051905, 184840,   99.3,  10.61,
1690201610, 051905, 184710,  124.2,   7.39,
1700201023, 061505, 185518,   11.6,  20.71,
1700201021, 061505, 185305,   25.1,  15.49,
1700201019, 061505, 185129,   44.8,  16.38,
1700201017, 061505, 184949,   75.1,  15.69,
1700201015, 061505, 184820,  100.0,  58.32,
1700201007, 061505, 184433,  125.7,  63.58,
1710200418, 071605, 191815,    5.1,  40.66,
1710200417, 071605, 191615,   24.7,  40.65,
1710200412, 071605, 191154,   45.1,  32.59,
1710200410, 071605, 190901,   75.2,  13.72,
1710200409, 071605, 190659,  100.2,  15.54,
1710200408, 071605, 190444,  125.2,  17.49,
1720201517, 081505, 092216,    4.6,   8.39,
1720201515, 081505, 092038,   25.5,  10.62,
1720201514, 081505, 091916,   43.6,  15.64,
1720201513, 081505, 091722,   74.3,  11.38,
1720201511, 081505, 091409,   99.6,  21.38,
1720201510, 081505, 091227,  124.7,  15.60,
1720201509, 081505, 091047,  149.4,  17.09,
1730201215, 091005, 215316,   17.1, 163.04,
1730201213, 091005, 215148,   24.7,  97.92,
1730201211, 091005, 215031,   43.6, 150.31,
1730201209, 091005, 214911,   75.1,  48.20,
1730201207, 091005, 214756,   99.3,  28.36,
1730201205, 091005, 214646,  124.6,  17.80,
1730201204, 091005, 214548,  149.7,  18.37,
1740200517, 100705, 192925,    8.2,   8.69,
1740200515, 100705, 192541,   25.1,  10.01,
1740200514, 100705, 192426,   43.4,   7.07,
1740200511, 100705, 192155,   73.6,  13.24,
1740200510, 100705, 192025,  100.5,  14.65,
1740200508, 100705, 191826,  124.9,  13.47,
1750201620, 111305, 070947,    5.5,  18.74,
1750201616, 111305, 070722,   23.7,  14.27,
1750201614, 111305, 070503,   44.4,  17.63,
1750201612, 111305, 070309,   73.1,  13.06,
1750201609, 111305, 070103,   98.2,  13.77,
1750201607, 111305, 065908,  123.4,  12.71,
1750201605, 111305, 065708,  149.1,  16.16,
1760201517, 121405, 065533,    5.0,   9.01,
1760201515, 121405, 065405,   24.8,  10.31,
1760201513, 121405, 065207,   46.2,   7.91,
1760201511, 121405, 065019,   74.9,   8.64,
1760201507, 121405, 064620,  125.0,   9.65,
1760201505, 121405, 064431,  149.2,   5.70,
1770200517, 012506, 190906,    4.5,  14.94,
1770200515, 012506, 190716,   24.0,   9.41,
1770200513, 012506, 190546,   46.1,  16.04,
1770200511, 012506, 190356,   74.0,  14.55,
1770200509, 012506, 190226,  101.0,  17.74,
1770200507, 012506, 190046,  123.9,  15.02,
1780201119, 021506, 175733,    8.4,  14.06,
1780201118, 021506, 175558,   24.4,  13.52,
1780201117, 021506, 175443,   46.2,  13.34,
1780201115, 021506, 175333,   74.5,  15.19,
1780201114, 021506, 175223,   99.7,  11.14,
1780201112, 021506, 175058,  124.9,  16.01,
1790201519, 031106, 013559,    6.1,  15.79,
1790201518, 031106, 013347,   26.5,  19.94,
1790201517, 031106, 013337,   26.2,  20.94,
1790201516, 031106, 013214,   45.9,   5.71,
1790201515, 031106, 013005,   75.2,  13.26,
1790201513, 031106, 012830,  101.4,  10.33,
1790201505, 031106, 012620,  123.2,  12.43,
1800201721, 040306, 224826,    7.3,  16.06,
1800201719, 040306, 224405,   24.4,  15.80,
1800201717, 040306, 224235,   46.1,  18.59,
1800201714, 040306, 224007,   74.7,  11.40,
1800201711, 040306, 223756,   99.5,  10.02,
1800201708, 040306, 223536,  126.2,  10.07,
1820201515, 061506, 180059,    7.7,   2.58,
1820201513, 061506, 175845,   21.3,   4.36,
1820201511, 061506, 175625,   45.6,   6.22,
1820201509, 061506, 175440,   74.3,   9.53,
1820201507, 061506, 175310,   99.7,   6.35,
1820201505, 061506, 175140,  127.1,  12.73,
1820201503, 061506, 175005,  149.4,   9.21,
1830201317, 071306, 215503,    6.1,  18.66,
1830201315, 071306, 215202,   24.2,  21.83,
1830201313, 071306, 215003,   45.2,  22.50,
1830201311, 071306, 214742,   75.1,  13.33,
1830201309, 071306, 214552,   99.3,   9.18,
1830201307, 071306, 214336,  124.4,  18.12,
1830201305, 071306, 214137,  149.9,   7.21,
1840201710, 081006, 101953,    7.5,  15.51,
1840201709, 081006, 101558,   25.6,  14.98,
1840201708, 081006, 101343,   45.9,  63.49,
1840201707, 081006, 101057,   75.9,  76.80,
1840201706, 081006, 100843,  100.1,  43.23,
1840201705, 081006, 100619,  125.2,  28.66,
1850201719, 091706, 212150,    4.9,   6.76,
1850201717, 091706, 212027,   25.8,   6.40,
1850201715, 091706, 211918,   45.0,   3.94,
1850201712, 091706, 211652,   74.8,   7.29,
1850201709, 091706, 211458,  100.9,   9.71,
1850201706, 091706, 211236,  125.7,   9.17,
1850201704, 091706, 211110,  149.2,   6.60,
1860202022, 102106, 185909,    6.4,  10.11,
1860202019, 102106, 185638,   24.5,   8.16,
1860202016, 102106, 185519,   46.0,   5.38,
1860202013, 102106, 185328,   74.6,   8.66,
1860202011, 102106, 185205,  100.6,  15.44,
1860202008, 102106, 185009,  123.2,  14.30,
1870201117, 110906, 194358,    5.2,   8.02,
1870201115, 110906, 194138,   25.3,   9.84,
1870201113, 110906, 194018,   43.2,  13.33,
1870201111, 110906, 193837,   75.3,  12.08,
1870201109, 110906, 193708,  101.9,   6.95,
1870201107, 110906, 193518,  127.6,   8.33,
1880201117, 121006, 191627,    7.6,  11.59,
1880201115, 121006, 191423,   26.9,  10.60,
1880201113, 121006, 191131,   46.2,  11.04,
1880201111, 121006, 190837,   77.1,  10.05,
1880201109, 121006, 190451,  101.8,  12.53,
1880201107, 121006, 190247,  126.8,   9.73,
1890201217, 020707, 203957,    4.7,  12.16,
1890201215, 020707, 203846,   24.4,  11.43,
1890201213, 020707, 203742,   44.3,  10.64,
1890201211, 020707, 203621,   74.0,  14.39,
1890201209, 020707, 203501,   99.5,  15.18,
1890201207, 020707, 203334,  124.3,  15.02,
1900201217, 032107, 195744,    4.2,  22.60,
1900201215, 032107, 195634,   24.2,  19.73,
1900201213, 032107, 195529,   44.1,  20.60,
1900201211, 032107, 195406,   75.4,  17.46,
1900201209, 032107, 195256,   99.5,  15.75,
1900201207, 032107, 195134,  125.1,  13.66,
1900201205, 032107, 195014,  149.3,  16.77,
1910201217, 050507, 191013,   14.6,  11.76,
1910201215, 050507, 190912,   24.4,  13.80,
1910201213, 050507, 190746,   43.5,  11.65,
1910201211, 050507, 190616,   74.1,  12.73,
1910201209, 050507, 190432,  100.1,  12.51,
1910201207, 050507, 190234,  123.4,  10.80,
1910201205, 050507, 190032,  149.2,  12.38,
1930200923, 070807, 185801,    6.7,  14.21,
1930200915, 070807, 185408,   25.0,  16.93,
1930200913, 070807, 185236,   45.1,  18.73,
1930200911, 070807, 185051,   75.4,  12.07,
1930200909, 070807, 184916,  100.8,  10.77,
1930200907, 070807, 184737,  125.6,  13.24,
1930200905, 070807, 184541,  149.5,   9.30,
1940201124, 080407, 230942,    6.8,  11.62,
1940201122, 080407, 230647,   25.7,  12.27,
1940201120, 080407, 230452,   45.6,   8.28,
1940201117, 080407, 230147,   74.8,  12.02,
1940201114, 080407, 225902,  100.3,  11.06,
1940201111, 080407, 225616,  125.8,  16.25,
1950201117, 090307, 200931,    5.7,  16.11,
1950201115, 090307, 200646,   26.0,  14.50,
1950201113, 090307, 200516,   45.6,  14.09,
1950201111, 090307, 200327,   76.1,  17.57,
1950201109, 090307, 200147,  100.8,   9.26,
1950201107, 090307, 195956,  125.0,  16.65,
1960201118, 100307, 185253,    4.6,  17.43,
1960201116, 100307, 185118,   26.0,  16.93,
1960201114, 100307, 184933,   45.3,  10.56,
1960201111, 100307, 184728,   76.4,  19.80,
1960201109, 100307, 184535,   99.8,  18.13,
1960201107, 100307, 184350,  124.1,  19.75,
1970201119, 120207, 193727,    8.0,  18.01,
1970201116, 120207, 193253,   25.9,  14.23,
1970201113, 120207, 193007,   45.1,  15.36,
1970201111, 120207, 192807,   74.0,  20.63,
1970201109, 120207, 192618,   99.7,  23.63,
1970201107, 120207, 192447,  125.3,  20.20,
1970201105, 120207, 192307,  149.4,  15.89,
1980201218, 122107, 190819,    8.1,  17.87,
1980201216, 122107, 190438,   27.6,  18.09,
1980201214, 122107, 190138,   45.3,  17.80,
1980201212, 122107, 185849,   77.0,  16.38,
1980201210, 122107, 185534,   98.5,  19.21,
1980201207, 122107, 185142,  124.5,  19.47,
1990201122, 013008, 191448,    8.5,  24.73,
1990201120, 013008, 191132,   24.9,  24.08,
1990201118, 013008, 190958,   44.9,  24.58,
1990201116, 013008, 190817,   73.8,  22.23,
1990201114, 013008, 190633,   98.5,  23.93,
1990201112, 013008, 190452,  125.3,  18.91,
1990201110, 013008, 190323,  149.9,  14.81,
2000201122, 022408, 185456,    5.8,  16.77,
2000201119, 022408, 185311,   25.2,  14.10,
2000201116, 022408, 185122,   45.4,  15.40,
2000201113, 022408, 184928,   74.9,  14.16,
2000201110, 022408, 184742,   99.8,  18.20,
2000201107, 022408, 184538,  125.0,  16.04,
2000201105, 022408, 184404,  149.0,  25.10,
2010201122, 052808, 185601,    6.5,  12.61,
2010201119, 052808, 185300,   25.5,   9.72,
2010201116, 052808, 185125,   45.2,   9.16,
2010201113, 052808, 184920,   75.3,  18.89,
2010201110, 052808, 184755,  100.0,   7.45,
2010201107, 052808, 184620,  125.5,  12.14,
2020201122, 062608, 185913,    6.8,  27.93,
2020201119, 062608, 185547,   24.8,  27.74,
2020201116, 062608, 185342,   45.6,  28.65,
2020201113, 062608, 185133,   74.7,  32.64,
2020201110, 062608, 184927,  100.2,  19.78,
2020201107, 062608, 184708,  124.5,  20.65,
2020201105, 062608, 184513,  149.1,  35.68,
2030201222, 072708, 185806,    8.1,  33.65,
2030201219, 072708, 185507,   25.2,  33.81,
2030201216, 072708, 185327,   44.9,  28.92,
2030201213, 072708, 185127,   74.2,  33.35,
2030201210, 072708, 184848,   99.8,  27.67,
2030201207, 072708, 184657,  124.6,  21.26,
2030201205, 072708, 184537,  149.5,  16.44,
2040201122, 081708, 190113,    6.4,  27.69,
2040201119, 081708, 185748,   25.1,  34.35,
2040201116, 081708, 185555,   44.6,  29.48,
2040201113, 081708, 185359,   75.3,  24.62,
2040201110, 081708, 185214,   99.5,  24.45,
2040201107, 081708, 185016,  125.8,  20.07,
2040201105, 081708, 184828,  149.2,  19.05,
2050201122, 101108, 190050,    8.6,  14.03,
2050201119, 101108, 185803,   25.1,  13.28,
2050201116, 101108, 185609,   44.4,  11.89,
2050201113, 101108, 185358,   74.5,  14.17,
2050201110, 101108, 185209,  100.0,  13.69,
2050201107, 101108, 185018,  125.6,  11.72,
2050201105, 101108, 184838,  149.5,  12.77,
2060201022, 120108, 193150,    7.6,  19.19,
2060201019, 120108, 192851,   25.9,  18.47,
2060201016, 120108, 192700,   45.4,  18.06,
2060201013, 120108, 192450,   74.9,  21.46,
2060201010, 120108, 192234,  100.4,  21.26,
2060201007, 120108, 192025,  125.0,  18.54,
2060201005, 120108, 191819,  149.6,  14.77,
2080201022, 012109, 200458,    6.4,  22.01,
2080201019, 012109, 200138,   24.9,  17.53,
2080201016, 012109, 195935,   43.9,  19.99,
2080201013, 012109, 195708,   75.7,  18.40,
2080201010, 012109, 195510,   98.4,  16.50,
2080201007, 012109, 195316,  124.8,  15.03,
2080201005, 012109, 195033,  149.7,  17.95,
2090201122, 021809, 192833,    5.6,  17.45,
2090201119, 021809, 192348,   25.2,  21.33,
2090201116, 021809, 192138,   44.9,  20.81,
2090201113, 021809, 191848,   75.7,  18.87,
2090201110, 021809, 191608,  100.0,  19.18,
2090201107, 021809, 191338,  124.8,  23.46,
2100201122, 042909, 190329,    5.0,  16.27,
2100201119, 042909, 190139,   24.8,  15.09,
2100201116, 042909, 185809,   45.2,  11.10,
2100201113, 042909, 185620,   74.1,  11.38,
2100201110, 042909, 185431,  100.4,  12.99,
2100201107, 042909, 185245,  125.2,  15.50,
2100201105, 042909, 185114,  149.8,  11.85,
2110201117, 052809, 185327,    4.8,   7.95,
2110201115, 052809, 185152,   25.0,  10.50,
2110201113, 052809, 185027,   44.5,  11.89,
2110201111, 052809, 184842,   74.8,   9.91,
2110201109, 052809, 184642,   99.7,  13.23,
2110201107, 052809, 184512,  125.5,  13.31,
2120201222, 070409, 194222,    6.1,  21.94,
2120201220, 070409, 193858,   24.0,  27.38,
2120201218, 070409, 193738,   44.4,  32.61,
2120201214, 070409, 193517,   74.9,  13.13,
2120201211, 070409, 193358,   99.3,  13.32,
2120201208, 070409, 193233,  125.3,  13.83,
2120201206, 070409, 193113,  148.9,  10.99,
2130200823, 072509, 215711,    7.0,  30.03,
2130200820, 072509, 215321,   24.9,  22.72,
2130200817, 072509, 215105,   45.1,  24.79,
2130200813, 072509, 214726,   74.9,  17.16,
2130200810, 072509, 214506,   99.8,  11.96,
2130200807, 072509, 214226,  124.9,  13.32,
2140201123, 081909, 192341,    7.1,  31.66,
2140201120, 081909, 191935,   25.4,  26.06,
2140201117, 081909, 191655,   45.0,  31.58,
2140201113, 081909, 191242,   75.7,  29.84,
2140201110, 081909, 185915,  109.6,  21.77,
2140201107, 081909, 185727,  126.3,  25.34,
2140201105, 081909, 185559,  148.9,  15.60,
2150201223, 092509, 191830,    5.8,   9.52,
2150201220, 092509, 191449,   25.4,  11.65,
2150201217, 092509, 191035,   45.2,  12.72,
2150201213, 092509, 190345,   75.7,  10.48,
2150201210, 092509, 185955,  100.4,  10.15,
2150201207, 092509, 185625,  124.8,  10.95,
2160201118, 110409, 185327,    5.7,  13.58,
2160201116, 110409, 185150,   24.7,  10.67,
2160201114, 110409, 184947,   44.5,  11.15,
2160201111, 110409, 184757,   76.1,  14.07,
2160201109, 110409, 184617,  100.7,  15.42,
2160201107, 110409, 184447,  124.6,  14.03,
2160201105, 110409, 184327,  148.5,   5.70,
2170201217, 121009, 185436,    4.7,  17.89,
2170201215, 121009, 185311,   24.4,  17.30,
2170201213, 121009, 185151,   44.4,  18.56,
2170201211, 121009, 185021,   74.5,  21.05,
2170201209, 121009, 184851,  100.7,  14.02,
2170201207, 121009, 184711,  123.4,  14.16,
2170201205, 121009, 184546,  149.1,   8.92,
2190200822, 031110, 030347,    4.1,  22.30,
2190200816, 031110, 030118,   24.2,  21.83,
2190200810, 031110, 025908,   44.0,  21.74,
2190200809, 031110, 025739,   73.9,  19.81,
2190200808, 031110, 025608,  100.0,  22.97,
2190200806, 031110, 025428,  124.9,  20.35,
2190200805, 031110, 025300,  148.8,  15.63,
2200201117, 040710, 185436,    4.2,  16.54,
2200201115, 040710, 185312,   26.2,  13.39,
2200201113, 040710, 185150,   44.3,  16.33,
2200201111, 040710, 185020,   75.3,  13.93,
2200201109, 040710, 184850,  100.7,  14.07,
2200201107, 040710, 184711,  126.3,  13.55,
2210201219, 051910, 185221,    5.7,  11.67,
2210201217, 051910, 185103,   26.4,  10.13,
2210201215, 051910, 184952,   46.0,  10.42,
2210201212, 051910, 184801,   74.2,  10.83,
2210201210, 051910, 184621,  100.6,   9.11,
2210201208, 051910, 184452,  124.3,   9.72,
2220201218, 060910, 185021,    4.2,  19.97,
2220201216, 060910, 184906,   25.1,  12.25,
2220201214, 060910, 184751,   44.0,  11.75,
2220201212, 060910, 184621,   74.4,  13.66,
2220201210, 060910, 184451,  100.3,  17.11,
2220201208, 060910, 184320,  126.3,  19.97,
2220201206, 060910, 184201,  150.0,  16.88,
2230201220, 070910, 184823,    6.0,  59.59,
2230201218, 070910, 184537,   25.1,  54.66,
2230201216, 070910, 184357,   46.2,  22.13,
2230201213, 070910, 184220,   74.5,  21.06,
2230201210, 070910, 184037,   99.2,  15.59,
2230201208, 070910, 183907,  125.3,  34.80,
2230201206, 070910, 183738,  149.7,  32.97,
2240201218, 080810, 185327,    7.2,   6.37,
2240201216, 080810, 185028,   26.1,   2.47,
2240201214, 080810, 184812,   45.9,  11.31,
2240201212, 080810, 184547,   75.8,   8.14,
2240201210, 080810, 184337,  100.5,   0.12,
2240201207, 080810, 184022,  125.3,  11.52,
2250201117, 090410, 185600,    6.0,  10.81,
2250201115, 090410, 185221,   24.6,  12.44,
2250201113, 090410, 185046,   45.7,  13.90,
2250201111, 090410, 184833,   74.9,  12.96,
2250201109, 090410, 184646,  100.0,  10.33,
2250201107, 090410, 184452,  125.2,  12.40,
2260201217, 100410, 185213,    5.7,  12.41,
2260201215, 100410, 184918,   25.1,  12.65,
2260201213, 100410, 184726,   45.9,   6.15,
2260201211, 100410, 184520,   75.2,  11.10,
2260201209, 100410, 184311,  100.6,  15.89,
2260201207, 100410, 184105,  125.1,  11.24,
2270200523, 112110, 193353,    4.5,   7.89,
2270200521, 112110, 193213,   24.9,   9.93,
2270200519, 112110, 193028,   44.3,   9.52,
2270200517, 112110, 192829,   75.3,  11.89,
2270200515, 112110, 192635,  101.5,  13.09,
2270200513, 112110, 192458,  124.8,  12.76,
2290201117, 012911, 190013,    3.9,  10.72,
2290201115, 012911, 185624,   26.1,  13.01,
2290201113, 012911, 185420,   46.0,  12.70,
2290201111, 012911, 185202,   76.0,  11.80,
2290201109, 012911, 184936,  101.1,  20.42,
2290201107, 012911, 184729,  124.7,  16.88,
2300201117, 030111, 185513,    6.4,  10.96,
2300201115, 030111, 185206,   25.3,  12.66,
2300201113, 030111, 185023,   45.4,   8.08,
2300201111, 030111, 184806,   75.2,   8.67,
2300201109, 030111, 184559,  100.2,  11.17,
2300201107, 030111, 184408,  124.8,  10.46,
2310201018, 041211, 205311,    4.7,  24.87,
2310201016, 041211, 205112,   25.1,  25.31,
2310201013, 041211, 204934,   46.5,  19.94,
2310201011, 041211, 204759,   74.8,  16.78,
2310201009, 041211, 204625,  100.6,  10.07,
2310201007, 041211, 204434,  124.9,  13.24,
2310201005, 041211, 204243,  149.5,   9.42,
2320201117, 051011, 185005,    5.0,  24.19,
2320201115, 051011, 184826,   25.0,  15.58,
2320201113, 051011, 184708,   44.5,  20.33,
2320201111, 051011, 184533,   75.5,  10.46,
2320201109, 051011, 184401,  103.0,  14.75,
2320201107, 051011, 184202,  126.1,  13.31,
2330201218, 072011, 192505,    4.3,  16.73,
2330201216, 072011, 192304,   25.1,  24.15,
2330201214, 072011, 192140,   44.8,  23.87,
2330201212, 072011, 191958,   75.2,  20.49,
2330201210, 072011, 191829,   99.9,  15.83,
2330201208, 072011, 191710,  124.9,  17.14,
2340200222, 083011, 190417,    4.8,  32.01,
2340200217, 083011, 190116,   24.9,  33.75,
2340200213, 083011, 185915,   44.8,  33.29,
2340200211, 083011, 185659,   74.5,  66.92,
2340200209, 083011, 185456,  100.0,  26.59,
2340200207, 083011, 185304,  124.1,  24.04,
2340200205, 083011, 185040,  149.7,  22.84,
2350200123, 092611, 201417,    5.6,  15.49,
2350200116, 092611, 201131,   24.8,  20.33,
2350200114, 092611, 200944,   45.1,  14.14,
2350200112, 092611, 200747,   75.6,  14.94,
2350200109, 092611, 200554,   99.7,  14.21,
2350200107, 092611, 200402,  124.5,  14.11,
2350200105, 092611, 200149,  149.9,  18.21,
2360201022, 110511, 185016,    5.3,  16.32,
2360201018, 110511, 184841,   25.2,  17.04,
2360201016, 110511, 184728,   44.2,  16.97,
2360201014, 110511, 184606,   74.0,  23.71,
2360201012, 110511, 184449,  101.4,  22.96,
2360201010, 110511, 184334,  125.3,  15.67,
2360201008, 110511, 184225,  148.1,  18.02,
2370200817, 112911, 202506,    5.0,  15.98,
2370200815, 112911, 202348,   25.3,  16.60,
2370200813, 112911, 202238,   45.7,  10.35,
2370200811, 112911, 202112,   75.4,  14.57,
2370200809, 112911, 201948,   99.8,  11.87,
2370200807, 112911, 201807,  124.9,  11.87,
2370200805, 112911, 201647,  149.7,  10.48,
2380201020, 122011, 175909,    5.6,  11.13,
2380201017, 122011, 175707,   24.9,  10.27,
2380201015, 122011, 175527,   45.7,  12.19,
2380201013, 122011, 175323,   74.4,   8.60,
2380201011, 122011, 175135,  100.0,   7.49,
2380201009, 122011, 174949,  124.6,  50.73,
2380201007, 122011, 174800,  149.8,   5.25,
2390201118, 011912, 185204,    5.4,   7.11,
2390201116, 011912, 185043,   25.0,   9.24,
2390201114, 011912, 184933,   45.2,   4.73,
2390201112, 011912, 184804,   74.6,   3.02,
2390201110, 011912, 184643,  100.3,   5.85,
2390201108, 011912, 184520,  125.4,   8.75,
2400200721, 032612, 042601,    5.4,  19.12,
2400200719, 032612, 042407,   25.6,  21.49,
2400200717, 032612, 042241,   46.0,  19.72,
2400200714, 032612, 042111,   74.5,  17.69,
2400200710, 032612, 041927,  100.5,  15.50,
2400200708, 032612, 041756,  125.5,  16.21,
2410201019, 050212, 185306,    5.4,  24.68,
2410201017, 050212, 185147,   25.2,  20.77,
2410201015, 050212, 185027,   44.5,  12.68,
2410201013, 050212, 184847,   74.9,  12.57,
2410201010, 050212, 184707,  100.2,  13.30,
2410201008, 050212, 184537,  124.7,  12.69,
2410201006, 050212, 184351,  149.8,  14.24,
2420201022, 053112, 190045,    5.6,  21.08,
2420201020, 053112, 185923,   24.4,  23.02,
2420201018, 053112, 185744,   45.7,  10.67,
2420201016, 053112, 185624,   75.3,   8.60,
2420201014, 053112, 185452,   99.5,   8.99,
2420201012, 053112, 185323,  125.3,  10.74,
2430200922, 062712, 191625,    5.3,  16.18,
2430200920, 062712, 191345,   25.7,  19.98,
2430200918, 062712, 191155,   45.0,  12.54,
2430200916, 062712, 191025,   75.3,  23.11,
2430200914, 062712, 190855,   99.8,   6.08,
2430200912, 062712, 190650,  124.3,  13.16,
2440201117, 080112, 185248,   11.3,  19.00,
2440201115, 080112, 185059,   24.7,  17.32,
2440201113, 080112, 184938,   45.3,  25.32,
2440201111, 080112, 184808,   75.1,  14.61,
2440201109, 080112, 184638,  100.0,  10.46,
2440201107, 080112, 184448,  125.0,  15.34,
2440201105, 080112, 184318,  149.8,  19.95,
2450201018, 081812, 185116,    5.7,  15.82,
2450201016, 081812, 184904,   24.5,  16.59,
2450201014, 081812, 184756,   44.3,  15.17,
2450201012, 081812, 184624,   74.4,  17.70,
2450201010, 081812, 184505,   99.5,  11.44,
2450201008, 081812, 184351,  124.9,  15.60,
2450201006, 081812, 184225,  149.5,  11.07,
2460201018, 091512, 185243,    4.9,  19.74,
2460201016, 091512, 185048,   25.3,  20.77,
2460201014, 091512, 184918,   44.5,  15.04,
2460201012, 091512, 184723,   75.1,  15.38,
2460201010, 091512, 184518,  100.5,  19.96,
2460201008, 091512, 184323,  125.5,  14.56,
2460201006, 091512, 184128,  150.0,  13.72,
2480201019, 120412, 185813,    5.8,  13.71,
2480201015, 120412, 185536,   24.9,  16.79,
2480201013, 120412, 185342,   45.7,  11.15,
2480201011, 120412, 185130,   75.8,  16.77,
2480201009, 120412, 184935,  102.5,  11.07,
2480201007, 120412, 184808,  125.9,  11.21,
2480201005, 120412, 184638,  149.4, 132.66,
2550201017, 100213, 190233,    7.3,   8.74,
2550201015, 100213, 190032,   25.0,   7.12,
2550201013, 100213, 185915,   46.3,   6.77,
2550201011, 100213, 185744,   75.4,  14.40,
2550201009, 100213, 185613,  100.2,   3.86,
2550201007, 100213, 185449,  125.2,   4.13,
2560201019, 102813, 191148,    7.6,  10.30,
2560201017, 102813, 191009,   26.9,   8.34,
2560201015, 102813, 190808,   45.8,  10.73,
2560201013, 102813, 190628,   74.9,   9.00,
2560201011, 102813, 190452,  100.2,  11.44,
2560201009, 102813, 190323,  126.6,   7.68,
2570201019, 112713, 190648,    7.6,  13.36,
2570201016, 112713, 190359,   24.4,  12.54,
2570201013, 112713, 190138,   45.3,  18.47,
2570201011, 112713, 185837,   76.1,   6.71,
2570201009, 112713, 185537,  100.1,   7.49,
2570201007, 112713, 185321,  125.2,  10.76,
2580201018, 122113, 190941,    7.5,   5.70,
2580201015, 122113, 190711,   25.7,   6.67,
2580201013, 122113, 190501,   45.3,   6.34,
2580201011, 122113, 190231,   75.6,   3.82,
2580201009, 122113, 190021,  100.6,   6.84,
2580201007, 122113, 185811,  125.3,   5.23,
2590201018, 011614, 192221,    5.0,  13.41,
2590201015, 011614, 192012,   25.8,  13.58,
2590201013, 011614, 191816,   45.9,  14.37,
2590201011, 011614, 191529,   75.5,  10.05,
2590201009, 011614, 191304,   99.9,  17.64,
2590201007, 011614, 191055,  125.3,  18.71,
2600200918, 021514, 191548,    7.4,  13.92,
2600200915, 021514, 191208,   26.4,  10.46,
2600200913, 021514, 190959,   45.4,   9.76,
2600200911, 021514, 190738,   74.5,   4.74,
2600200909, 021514, 190529,  100.0,  10.85,
2600200907, 021514, 190308,  126.1,  12.16,
2600200905, 021514, 190108,  150.0,   9.81,
2610201018, 030614, 190954,    6.4,  19.60,
2610201015, 030614, 190811,   25.4,  26.71,
2610201013, 030614, 190642,   45.5,  14.51,
2610201011, 030614, 190453,   75.5,  13.53,
2610201009, 030614, 190302,  100.0,  19.43,
2610201007, 030614, 190132,  124.7,  17.97,
2610201005, 030614, 185952,  150.0,  20.50,
2620201018, 041114, 190005,    4.5,  16.68,
2620201015, 041114, 185759,   24.3,  20.54,
2620201013, 041114, 185610,   44.5,  17.58,
2620201011, 041114, 185420,   74.8,  12.88,
2620201009, 041114, 185240,   99.6,  16.15,
2620201007, 041114, 185100,  124.6,  19.70,
2620201005, 041114, 184925,  148.9,  13.18,
2630200921, 060114, 185207,    5.0,  21.61,
2630200918, 060114, 185017,   24.8,  15.42,
2630200915, 060114, 184827,   44.4,  16.50,
2630200912, 060114, 184623,   74.5,  16.86,
2630200910, 060114, 184457,   99.8,  14.12,
2630200908, 060114, 184347,  124.6,  16.79,
2640201018, 070114, 190501,    4.9,  34.48,
2640201015, 070114, 190326,   24.2,  31.53,
2640201013, 070114, 190156,   44.2,  22.47,
2640201011, 070114, 190016,   74.3,  27.52,
2640201009, 070114, 185841,   99.7,  18.09,
2640201007, 070114, 185656,  124.6,  23.87,
2650201019, 091514, 184847,    5.1,  12.92,
2650201015, 091514, 184653,   24.9,  14.67,
2650201013, 091514, 184543,   45.2,  14.14,
2650201011, 091514, 184418,   75.4,  21.95,
2650201009, 091514, 184258,  100.2,  24.10,
2650201007, 091514, 184133,  124.8,  11.76,
2660201019, 101414, 190306,    4.7,  19.68,
2660201016, 101414, 190141,   24.7,  16.32,
2660201014, 101414, 190027,   45.1,  21.89,
2660201012, 101414, 185841,   74.6,  11.70,
2660201010, 101414, 185712,  100.3,  14.96,
2660201008, 101414, 185542,  124.8,  12.95,
2660201006, 101414, 185406,  149.5,  14.08,
2670201018, 112214, 185815,    6.0,  22.94,
2670201015, 112214, 185625,   24.9,  21.00,
2670201013, 112214, 185455,   45.4,  18.65,
2670201011, 112214, 185254,   76.5,  14.17,
2670201009, 112214, 185055,  100.1,  16.66,
2670201007, 112214, 184905,  125.1,  27.18,
2680200924, 121714, 191054,    5.7,  23.52,
2680200922, 121714, 190909,   24.7,  40.81,
2680200921, 121714, 190719,   46.0,  25.35,
2680200920, 121714, 190514,   75.1,   9.06,
2680200916, 121714, 190129,  101.2,  10.76,
2680200910, 121714, 185604,  125.0,   6.17,
2680200905, 121714, 185154,  149.3,   7.78,
2690201018, 022515, 185728,    4.5,  10.58,
2690201016, 022515, 185607,   24.9,  15.37,
2690201015, 022515, 185452,   43.9,  16.09,
2690201013, 022515, 185312,   75.1,  21.29,
2690201011, 022515, 185142,  101.9,  19.86,
2690201009, 022515, 185012,  125.5,  21.29,
2700200914, 033015, 211631,    5.0,  22.99,
2700200913, 033015, 211420,   24.9,  21.97,
2700200912, 033015, 211205,   44.9,  20.19,
2700200911, 033015, 210950,   74.7,  26.35,
2700200909, 033015, 210651,  100.0,  13.91,
2700200908, 033015, 210450,  125.1,  11.98,
2700200906, 033015, 210250,  149.7,  13.84,
2710201013, 042215, 190054,    4.2,  17.31,
2710201010, 042215, 185924,   24.2,  16.27,
2710201008, 042215, 185804,   44.6,  12.90,
2710201007, 042215, 185644,   73.8,  19.61,
2710201006, 042215, 185539,   99.9,  31.31,
2710201005, 042215, 185429,  124.9,  33.00,
2710201004, 042215, 185324,  149.8,  20.06,
2720201115, 052415, 185417,    8.0,  10.78,
2720201110, 052415, 185221,   25.2,   9.35,
2720201108, 052415, 185047,   44.8,  30.83,
2720201107, 052415, 184857,   76.1,  13.76,
2720201106, 052415, 184728,  101.1,  11.88,
2720201105, 052415, 184618,  125.8,  16.39,
2720201104, 052415, 184458,  149.1,  15.03,
2730201113, 062015, 190332,    4.5,  11.76,
2730201110, 062015, 190137,   24.3,  17.03,
2730201108, 062015, 190003,   44.9,  11.86,
2730201107, 062015, 185748,   73.9,  11.36,
2730201106, 062015, 185613,  100.6,  14.26,
2730201105, 062015, 185443,  124.3,  11.55,
2730201104, 062015, 185208,  149.8,  12.87,
2740201114, 072015, 185146,    4.9,  25.15,
2740201111, 072015, 184946,   25.3,  19.33,
2740201109, 072015, 184816,   44.5,  20.11,
2740201108, 072015, 184651,   73.9,  17.04,
2740201107, 072015, 184526,   99.5,  13.58,
2740201106, 072015, 184356,  124.4,  20.05,
2750201018, 081315, 185748,    5.5,  16.10,
2750201015, 081315, 185550,   25.9,  14.74,
2750201013, 081315, 185419,   45.4,   5.99,
2750201012, 081315, 185248,   76.2,  21.04,
2750201011, 081315, 185128,  102.1,  33.79,
2750201010, 081315, 184952,  128.8,  34.27,
2750201009, 081315, 184827,  149.7,  25.26,
2770201013, 101415, 185038,    4.8,  23.76,
2770201010, 101415, 184848,   25.5,  20.07,
2770201008, 101415, 184724,   45.0,  17.04,
2770201007, 101415, 184603,   75.4,  16.99,
2770201006, 101415, 184443,  101.5,  14.27,
2770201005, 101415, 184333,  124.7,  19.60,
2770201004, 101415, 184204,  150.0,  12.74,
2780200916, 111415, 185903,    5.3,  42.61,
2780200910, 111415, 185654,   24.4,  43.72,
2780200908, 111415, 185534,   44.3,  44.54,
2780200907, 111415, 185414,   74.3,  36.99,
2780200906, 111415, 185254,   99.3,  25.58,
2780200905, 111415, 185133,  124.6,  22.33,
2780200904, 111415, 185023,  149.9,  20.14,
2790201015, 120915, 192347,    5.7,  19.95,
2790201011, 120915, 192158,   25.9,  20.42,
2790201009, 120915, 192033,   45.6,  19.75,
2790201008, 120915, 191907,   74.6,  14.74,
2790201007, 120915, 191733,  101.0,  14.00,
2790201005, 120915, 191348,  124.1,  11.63,
2800201017, 011316, 185718,    8.2,  17.08,
2800201010, 011316, 185419,   24.7,  14.50,
2800201008, 011316, 185241,   45.1,  19.84,
2800201007, 011316, 185104,   74.7,  14.54,
2800201006, 011316, 184943,   98.4,  14.43,
2800201005, 011316, 184819,  125.4,  18.31,
2810201013, 021016, 185556,    8.0,  13.39,
2810201010, 021016, 185345,   25.4,  19.47,
2810201008, 021016, 185202,   45.5,  14.32,
2810201007, 021016, 185025,   75.2,  16.01,
2810201006, 021016, 184838,  101.1,  17.84,
2810201005, 021016, 184659,  124.8,  14.47,
2810201004, 021016, 184526,  149.9,  12.34,
2820200919, 030916, 205818,    5.5,   7.68,
2820200910, 030916, 205408,   25.0,  10.85,
2820200908, 030916, 205221,   43.4,  11.29,
2820200907, 030916, 205049,   74.5,  10.43,
2820200906, 030916, 204921,  101.9,  16.00,
2820200905, 030916, 204746,  125.3,  18.45,
2820200904, 030916, 204626,  147.9,   9.33,
2830201013, 041516, 191358,    4.9,  10.87,
2830201010, 041516, 191203,   23.7,  15.86,
2830201008, 041516, 191018,   44.4,  14.33,
2830201007, 041516, 190804,   75.0,  10.64,
2830201006, 041516, 190549,   99.5,  11.86,
2830201005, 041516, 190343,  124.7,  12.69,
2830201004, 041516, 190123,  149.3,   9.12,
2840200813, 052916, 185646,    5.3,  12.64,
2840200810, 052916, 185521,   25.4,  17.95,
2840200808, 052916, 185416,   45.2,  11.07,
2840200807, 052916, 185307,   74.8,  15.98,
2840200806, 052916, 185201,   99.6,  18.50,
2840200805, 052916, 185056,  125.1,  14.05,
2840200804, 052916, 184951,  149.6,   4.28,
2850201013, 071216, 193016,    5.4,  20.15,
2850201010, 071216, 192831,   25.9,  23.73,
2850201008, 071216, 192656,   44.5,  27.20,
2850201007, 071216, 192501,   74.8,  15.22,
2850201006, 071216, 192321,  101.1,  12.56,
2850201005, 071216, 192131,  125.6,  13.34,
2850201004, 071216, 192001,  149.9,  13.87,
2860200913, 081016, 191819,    5.2,  17.82,
2860200910, 081016, 191626,   25.4,  17.29,
2860200908, 081016, 191510,   45.2,  12.85,
2860200907, 081016, 191345,   75.6,  14.81,
2860200906, 081016, 191237,  100.0,  17.36,
2860200905, 081016, 191115,  125.0,  17.11,
2870201013, 101616, 190705,    5.4,  24.71,
2870201010, 101616, 190503,   25.3,  16.45,
2870201008, 101616, 190318,   45.3,  21.14,
2870201007, 101616, 190120,   75.7,  23.20,
2870201006, 101616, 185923,  101.5,  20.93,
2870201005, 101616, 185735,  126.1,  16.42,
2880200919, 112716, 185811,    5.5,  12.07,
2880200916, 112716, 185538,   25.2,  11.94,
2880200914, 112716, 185349,   45.6,  15.66,
2880200913, 112716, 185144,   76.4,  10.54,
2880200912, 112716, 184946,  101.8,  14.97,
2880200911, 112716, 184819,  124.8,  14.58,
2890200913, 012417, 190854,    7.0,  11.65,
2890200910, 012417, 190652,   25.7,   7.42,
2890200908, 012417, 190512,   45.7,   5.46,
2890200907, 012417, 190322,   74.0,   5.31,
2890200906, 012417, 190152,   99.5,  10.03,
2890200905, 012417, 190025,  124.7,   8.93,
2890200904, 012417, 185854,  149.8,   6.89,
2900200818, 022317, 185222,    5.5,  17.96,
2900200815, 022317, 185058,   25.2,  12.88,
2900200813, 022317, 184947,   45.2,  14.05,
2900200812, 022317, 184833,   74.3,  17.18,
2900200811, 022317, 184722,  100.7,  13.16,
2900200810, 022317, 184612,  125.7,  13.27,
2900200809, 022317, 184505,  149.5,  10.70,
2910201013, 032917, 193831,    5.2,  11.22,
2910201010, 032917, 193712,   25.1,  14.81,
2910201008, 032917, 193617,   44.3,  11.96,
2910201007, 032917, 193512,   75.8,  12.60,
2910201006, 032917, 193407,  101.7,  14.07,
2910201005, 032917, 193307,  126.4,  13.64,
2920201013, 042617, 185333,    5.1,  20.46,
2920201010, 042617, 185139,   25.6,  18.82,
2920201008, 042617, 184953,   45.8,  14.46,
2920201007, 042617, 184814,   75.2,  24.88,
2920201006, 042617, 184639,  100.3,  17.03,
2920201005, 042617, 184459,  125.7,  17.88,
2930201013, 052417, 190156,    4.9,  26.94,
2930201010, 052417, 185955,   25.0,  23.63,
2930201008, 052417, 185821,   46.0,  27.32,
2930201007, 052417, 185649,   74.5,  20.69,
2930201006, 052417, 185514,  100.4,  19.54,
2930201005, 052417, 185334,  125.5,  22.65,
2930201004, 052417, 185204,  150.0,  23.62,
2940201114, 062117, 193903,    7.9,  15.38,
2940201110, 062117, 193638,   25.4,  15.78,
2940201108, 062117, 193458,   46.2,  17.40,
2940201107, 062117, 193302,   75.8,  18.11,
2940201106, 062117, 193138,   99.8,  19.41,
2940201105, 062117, 193003,  125.2,  24.91,
2940201104, 062117, 192822,  149.6,  19.61,
2950201014, 080917, 190829,    5.2,  28.19,
2950201010, 080917, 190610,   25.2,  29.58,
2950201008, 080917, 190436,   45.6,  27.31,
2950201007, 080917, 190255,   75.0,  26.44,
2950201006, 080917, 190120,  100.3,  21.56,
2950201005, 080917, 185944,  124.8,  26.11,
2960200920, 100717, 194102,    5.4,  14.05,
2960200916, 100717, 193904,   25.3,   6.78,
2960200914, 100717, 193722,   45.9,  11.22,
2960200913, 100717, 193518,   77.3,   6.24,
2960200912, 100717, 193318,  100.9,  11.32,
2960200905, 100717, 193039,  125.9,  13.37,
2970201014, 110917, 190207,    5.4,  19.03,
2970201010, 110917, 185953,   25.1,  16.31,
2970201008, 110917, 185818,   45.2,  16.05,
2970201007, 110917, 185617,   75.8,  13.86,
2970201006, 110917, 185443,   99.4,  11.99,
2970201005, 110917, 185303,  125.6,  13.99,
2970201004, 110917, 185123,  149.7,  11.59,
2980200814, 121317, 130740,    4.8,  18.03,
2980200810, 121317, 130527,   25.6,  16.40,
2980200808, 121317, 130342,   45.4,  16.14,
2980200807, 121317, 130135,   75.5,  19.12,
2980200806, 121317, 125927,  100.2,  16.44,
2980200805, 121317, 125751,  126.2,  19.25,
3000201014, 022618, 191049,    6.5,  49.11,
3000201011, 022618, 190834,   27.0,  11.46,
3000201009, 022618, 190709,   45.4,  11.77,
3000201008, 022618, 190528,   75.1,  11.37,
3000201007, 022618, 190406,  100.7,  20.01,
3000201006, 022618, 190237,  126.1,  13.01,
3010200823, 041818, 190303,    5.7,   9.84,
3010200821, 041818, 190138,   24.6,  11.61,
3010200817, 041818, 185737,   45.1,   7.93,
3010200816, 041818, 185621,   74.1,   6.21,
3010200813, 041818, 185442,  100.6,   9.64,
3010200812, 041818, 185325,  123.3,   8.48,
3020200824, 051718, 142723,    4.8,  17.41,
3020200823, 051718, 142558,   24.4,  13.64,
3020200822, 051718, 142452,   45.7,  11.79,
3020200821, 051718, 142317,   75.0,  20.36,
3020200820, 051718, 142202,  100.5,  14.59,
3020200819, 051718, 142052,  124.8,  17.63,
3020200818, 051718, 141937,  149.7,  13.67,
3030200914, 062718, 191935,    5.3,  14.98,
3030200912, 062718, 191805,   24.8,  14.10,
3030200911, 062718, 191700,   44.3,  32.48,
3030200910, 062718, 191545,   74.9,  24.53,
3030200909, 062718, 191421,   99.3,  16.72,
3030200908, 062718, 191303,  124.9,  27.05,
3040201009, 072518, 185132,   25.4,  59.15,
3040201008, 072518, 185014,   44.9,  77.04,
3040201007, 072518, 184858,   75.4,  27.58,
3040201006, 072518, 184743,  100.6,  23.73,
3040201005, 072518, 184628,  126.2,  27.46,
3050201012, 091118, 190357,    5.5,  14.64,
3050201009, 091118, 190137,   25.1,   8.11,
3050201008, 091118, 185952,   46.1,  18.22,
3050201007, 091118, 185734,   75.0,  15.57,
3050201006, 091118, 185527,  100.7,  24.08,
3050201005, 091118, 185327,  125.3,  19.10,
3060201012, 101318, 190930,    5.2,  10.34,
3060201009, 101318, 190747,   24.6,  12.48,
3060201008, 101318, 190606,   45.0,  13.73,
3060201007, 101318, 190419,   74.9,  16.42,
3060201006, 101318, 190235,   99.2,  15.08,
3060201005, 101318, 190036,  125.3,  17.27,
3060201004, 101318, 185847,  148.7,  19.67,
3070201017, 111718, 202205,    4.7,  24.79,
3070201014, 111718, 201909,   24.9,  74.04,
3070201013, 111718, 201725,   44.4,  38.93,
3070201012, 111718, 201505,   75.0,  20.01,
3070201011, 111718, 201225,  100.6,  27.89,
3070201010, 111718, 201022,  125.0,  41.70,
3090201012, 011619, 190959,    4.7,   9.23,
3090201009, 011619, 190802,   25.7,  10.01,
3090201008, 011619, 190638,   45.3,   6.63,
3090201007, 011619, 190443,   76.6,   8.33,
3090201006, 011619, 190249,  100.6,  18.94,
3090201005, 011619, 190106,  125.4,  17.51,
3100200520, 022019, 165248,    5.0,  25.00,
3100200517, 022019, 165041,   26.0,  22.29,
3100200516, 022019, 164912,   45.2,  18.93,
3100200515, 022019, 164738,   74.6,  29.09,
3100200514, 022019, 164615,  100.5,  19.96,
3100200509, 022019, 164347,  125.1,  19.31,
3110201024, 050319, 185823,    4.0,  13.04,
3110201009, 050319, 185534,   24.2,  11.96,
3110201008, 050319, 185355,   43.6,  10.83,
3110201007, 050319, 185208,   74.3,   9.59,
3110201006, 050319, 185042,   98.0,  10.69,
3110201005, 050319, 184852,  124.5,  24.66,
3110201004, 050319, 184714,  149.2,  17.44,
3120201024, 061219, 185606,    5.7,  32.02,
3120201021, 061219, 185447,   25.9,  52.55,
3120201020, 061219, 185342,   44.7,  44.12,
3120201019, 061219, 185230,   75.0,  19.58,
3120201018, 061219, 185110,   99.0,  43.53,
3120201017, 061219, 184949,  124.7,  34.02,
3120201004, 061219, 184745,  149.7,  22.50,
3130201020, 070219, 185926,    4.9,  18.18,
3130201017, 070219, 185706,   25.0,  28.62,
3130201016, 070219, 185526,   44.6,  16.42,
3130201011, 070219, 185257,   74.2,  12.13,
3130201010, 070219, 185050,   99.0,  13.48,
3130201005, 070219, 184806,  124.8,  19.97,
3130201004, 070219, 184611,  149.6,  29.35,
3140201020, 080319, 190901,    5.7,  40.83,
3140201017, 080319, 190656,   23.8,  64.39,
3140201016, 080319, 190531,   44.1,  62.11,
3140201011, 080319, 190327,   74.6,  11.48,
3140201010, 080319, 190201,  100.1,  11.51,
3140201005, 080319, 190007,  124.0,  15.76,
3140201004, 080319, 185841,  149.5,  22.02,
3150201020, 090519, 185329,    4.4,  14.11,
3150201017, 090519, 185159,   25.2,  12.72,
3150201016, 090519, 185042,   44.2,  20.65,
3150201011, 090519, 184902,   74.6,  22.45,
3150201010, 090519, 184750,   99.2,  26.78,
3150201005, 090519, 184605,  123.5,  19.11,
3150201004, 090519, 184456,  149.4,  31.16,
3160200414, 101819, 024024,    4.3,  12.24,
3160200411, 101819, 023833,   24.5,  11.30,
3160200409, 101819, 023650,   45.1,  11.74,
3160200407, 101819, 023438,   71.3,  19.13,
3160200406, 101819, 023300,   99.6,  24.51,
3160200405, 101819, 023119,  125.6,  21.10,
3160200404, 101819, 022952,  149.8,  13.54,
3180200716, 010820, 153625,    3.9,  17.31,
3180200713, 010820, 153440,   24.4,  15.00,
3180200712, 010820, 153328,   44.9,  14.41,
3180200711, 010820, 153157,   74.8,  12.63,
3180200710, 010820, 153033,  100.4,  12.54,
3180200709, 010820, 152908,  124.6,  10.23,
3180200704, 010820, 152651,  149.5,   9.77,
3190200924, 013120, 193028,    7.0,  17.39,
3190200917, 013120, 192651,   24.6,  13.90,
3190200916, 013120, 192434,   46.0,  14.49,
3190200915, 013120, 192113,   78.4,  14.65,
3190200910, 013120, 191751,  100.4,  18.60,
3190200905, 013120, 191437,  123.4,  19.79,
3200201112, 071620, 185242,    4.5,  12.49,
3200201109, 071620, 185011,   24.9,  10.33,
3200201108, 071620, 184830,   44.1,  11.54,
3200201107, 071620, 184639,   75.4,   9.88,
3200201106, 071620, 184505,   99.2,  14.86,
3200201105, 071620, 184338,  124.2,  24.48,
3200201104, 071620, 184138,  149.8,  23.10,
3210201210, 080920, 185947,    5.0, 213.83,
3210201209, 080920, 185816,   24.9, 218.89,
3210201208, 080920, 185632,   44.8, 194.20,
3210201207, 080920, 185412,   75.7,  24.08,
3210201206, 080920, 185222,  100.6,  21.90,
3210201205, 080920, 185037,  124.5,  16.37,
3220201411, 090420, 185520,    4.4,   5.11,
3220201409, 090420, 185317,   24.8,   5.33,
3220201408, 090420, 185129,   44.4,   7.24,
3220201407, 090420, 184919,   74.5,  11.14,
3220201406, 090420, 184747,  101.0,  16.50,
3220201405, 090420, 184618,  125.0,  18.11,
3220201404, 090420, 184505,  149.2,  16.26,
3230201110, 092820, 185118,    4.2,  35.77,
3230201109, 092820, 184941,   24.4,  32.40,
3230201108, 092820, 184747,   43.9,  35.79,
3230201107, 092820, 184527,   76.2,  16.62,
3230201106, 092820, 184351,   99.2,  13.61,
3230201105, 092820, 184233,  124.6,  19.31,
3230201104, 092820, 184120,  149.0,  14.78,
3240201110, 112020, 213923,    3.6,  13.81,
3240201109, 112020, 213744,   23.8,  10.97,
3240201108, 112020, 213603,   44.9,  15.64,
3240201107, 112020, 213421,   74.8,  10.31,
3240201106, 112020, 213234,  100.0,   8.56,
3240201105, 112020, 213056,  124.1,   9.74,
3250201009, 121920, 190438,    3.4,  12.99,
3250201008, 121920, 190314,   24.0,  11.13,
3250201007, 121920, 190147,   46.8,   9.95,
3250201006, 121920, 190021,   72.7,  11.67,
3250201005, 121920, 185849,   99.9,  13.18,
3250201004, 121920, 185719,  125.3,  10.21,
3250201003, 121920, 185553,  149.4,  10.23,
3260201010, 011321, 185731,    4.9,  14.19,
3260201009, 011321, 185619,   24.0,   9.83,
3260201008, 011321, 185505,   43.8,   7.97,
3260201007, 011321, 185342,   74.0,   6.20,
3260201006, 011321, 185219,   98.8,  10.22,
3260201005, 011321, 185054,  125.1,   8.08,
3270201010, 021721, 185024,    4.2,  13.50,
3270201009, 021721, 184907,   24.1,  13.19,
3270201008, 021721, 184757,   43.4,  16.04,
3270201007, 021721, 184618,   76.4,  13.24,
3270201006, 021721, 184450,   99.1,  15.18,
3270201005, 021721, 184326,  122.4,  13.22,
3280201210, 032521, 133827,    5.6,  21.43,
3280201209, 032521, 133556,   26.1,  21.21,
3280201208, 032521, 133324,   44.5,  17.23,
3280201207, 032521, 133035,   77.1,  20.86,
3280201206, 032521, 132739,  100.5,  23.52,
3280201205, 032521, 132427,  126.5,  25.56,
3290201010, 041421, 190053,    4.7,  16.10,
3290201009, 041421, 185904,   24.8,  13.81,
3290201008, 041421, 185734,   45.0,  12.83,
3290201007, 041421, 185555,   73.3,  13.56,
3290201006, 041421, 185435,   99.3,  41.15,
3290201005, 041421, 185324,  123.7,  26.13,
3290201004, 041421, 185212,  149.0,  17.03,
3300201023, 051721, 185739,    4.5,  16.28,
3300201016, 051721, 185404,   24.6,  12.71,
3300201015, 051721, 185222,   44.7,  10.78,
3300201014, 051721, 185043,   74.1,  12.48,
3300201013, 051721, 184924,   98.3,  40.05,
3300201012, 051721, 184815,  124.4,  12.06,
3300201003, 051721, 184450,  148.2,  17.63,
3310201010, 062321, 190024,    5.5,  12.15,
3310201009, 062321, 185857,   24.3,  10.09,
3310201008, 062321, 185716,   44.2,  10.84,
3310201007, 062321, 185521,   74.3,   9.16,
3310201006, 062321, 185354,   99.8,  12.73,
3310201005, 062321, 185230,  124.1,  16.09,
3310201004, 062321, 185106,  149.3,  30.71,
3320200914, 071721, 191241,    5.7,  21.33,
3320200913, 071721, 191108,   25.8,  12.66,
3320200912, 071721, 190941,   45.3,  13.20,
3320200911, 071721, 190729,   73.8,  12.34,
3320200910, 071721, 190613,  101.0,  11.12,
3320200909, 071721, 190410,  125.5,  22.21,
3330201418, 103021, 215825,    5.0,  14.30,
3330201416, 103021, 215606,   25.0,  14.36,
3330201415, 103021, 215435,   45.5,  11.93,
3330201411, 103021, 215150,   76.6,  13.14,
3330201409, 103021, 215031,  100.8,  13.59,
3330201408, 103021, 214917,  125.5,  12.30,
3340200514, 120621, 160359,    5.9,  18.15,
3340200513, 120621, 160202,   28.1,  18.24,
3340200512, 120621, 160026,   44.4,  16.53,
3340200511, 120621, 155812,   75.6,  31.40,
3340200509, 120621, 155642,  100.5,  13.39,
3340200507, 120621, 155510,  124.8,  11.69,
3340200505, 120621, 155331,  149.2,   8.12,