Hawaii Ocean Time-series : 06-Sep-2023 05:11:43
https://hahana.soest.hawaii.edu/hot/hot-dogs/bextraction.html

botid, date, time, press, tdp, 
#, mmddyy, hhmmss, dbar, umol/kg, 
0010200705, 103188, 150832,   10.7,   0.26,
0010201111, 110188, 120733,   16.6,   0.27,
0010201110, 110188, 120612,   36.5,   0.27,
0010201109, 110188, 120440,   56.4,   0.26,
0010201108, 110188, 120300,   77.8,   0.25,
0010201107, 110188, 120127,   97.8,   0.25,
0010201106, 110188, 120000,  117.3,   0.27,
0020200411, 120288, 104126,   15.6,   0.23,
0020200510, 120288, 142015,    1.5,   0.26,
0020200506, 120288, 141521,   97.9,   0.23,
0020200504, 120288, 141204,  148.6,   0.31,
0030200612, 010989, 000336,    2.8,   0.24,
0030200610, 010889, 235717,   38.2,   0.24,
0030200608, 010889, 235244,   79.4,   0.25,
0030200606, 010889, 234853,  117.5,   0.27,
0040200606, 022889, 150904,   41.8,   0.27,
0040200604, 022889, 150544,   99.6,   0.22,
0060200512, 051889, 094945,    4.5,   0.37,
0060200510, 051889, 094545,   39.4,   0.33,
0060200508, 051889, 093731,   79.0,   0.30,
0060200507, 051889, 093620,   99.0,   0.33,
0060200504, 051889, 092802,  129.0,   0.45,
0070200412, 062489, 095140,  105.2,   0.28,
0080200512, 072989, 073217,    5.6,   0.31,
0080200511, 072989, 073023,   27.4,   0.31,
0080200510, 072989, 072902,   46.8,   0.35,
0080200509, 072989, 072744,   61.7,   0.31,
0080200508, 072989, 072620,   77.3,   0.27,
0080200507, 072989, 072441,   87.8,   0.23,
0080200506, 072989, 072254,   98.5,   0.27,
0080200505, 072989, 072146,  109.3,   0.28,
0080200504, 072989, 072025,  119.2,   0.24,
0080200503, 072989, 071851,  130.5,   0.30,
0090200512, 082489, 055807,    4.8,   0.32,
0090200511, 082489, 055554,   25.8,   0.31,
0090200510, 082489, 055423,   45.8,   0.33,
0090200509, 082489, 055301,   61.6,   0.28,
0090200508, 082489, 055147,   76.1,   0.28,
0090200507, 082489, 055035,   87.3,   0.24,
0090200506, 082489, 054928,   97.4,   0.23,
0090200505, 082489, 054759,  109.0,   0.23,
0090200504, 082489, 054656,  118.0,   0.24,
0090200503, 082489, 054551,  130.5,   0.21,
0100201223, 092389, 102511,    6.3,   0.28,
0100201222, 092389, 102346,   26.5,   0.26,
0100201221, 092389, 102210,   47.4,   0.26,
0100201220, 092389, 102110,   63.2,   0.26,
0100201219, 092389, 102006,   79.0,   0.25,
0100201217, 092389, 101821,   98.6,   0.24,
0100201216, 092389, 101728,  111.2,   0.25,
0100201215, 092389, 101631,  119.9,   0.29,
0100201214, 092389, 101503,  131.7,   0.33,
0110201617, 101989, 214946,    4.8,   0.26,
0110201616, 101989, 214725,   25.5,   0.23,
0110201615, 101989, 214629,   45.4,   0.24,
0110201614, 101989, 214545,   61.7,   0.21,
0110201613, 101989, 214504,   76.4,   0.21,
0110201612, 101989, 214425,   86.7,   0.19,
0110201611, 101989, 214344,   96.5,   0.21,
0110201610, 101989, 214309,  106.4,   0.21,
0110201609, 101989, 214234,  116.8,   0.21,
0110201608, 101989, 214149,  129.7,   0.21,
0120200613, 112889, 203245,    5.8,   0.26,
0120200612, 112889, 203153,   25.3,   0.25,
0120200611, 112889, 203109,   45.6,   0.25,
0120200609, 112889, 202949,   76.5,   0.26,
0120200608, 112889, 202912,   86.6,   0.25,
0120200607, 112889, 202834,   96.3,   0.25,
0120200606, 112889, 202758,  106.7,   0.27,
0120200605, 112889, 202715,  119.6,   0.27,
0120200604, 112889, 202629,  130.6,   0.27,
0130200411, 010590, 050532,   45.8,   0.23,
0130200410, 010590, 050424,   60.0,   0.22,
0130200409, 010590, 050321,   75.5,   0.22,
0130200408, 010590, 050156,   85.6,   0.23,
0130200407, 010590, 050059,   95.1,   0.21,
0130200406, 010590, 045956,  105.9,   0.22,
0130200405, 010590, 045822,  117.3,   0.23,
0130200404, 010590, 045652,  126.9,   0.24,
0130200403, 010590, 045410,  136.8,   0.26,
0130200521, 010590, 084421,   12.3,   0.24,
0130200519, 010590, 084005,   26.7,   0.23,
0140201223, 021690, 174137,    4.2,   0.28,
0140201222, 021690, 174024,   14.0,   0.28,
0140201221, 021690, 173923,   24.9,   0.28,
0140201220, 021690, 173834,   34.9,   0.30,
0140201219, 021690, 173743,   45.9,   0.28,
0140201218, 021690, 173651,   60.8,   0.24,
0140201217, 021690, 173556,   75.6,   0.27,
0140201216, 021690, 173508,   85.3,   0.30,
0140201215, 021690, 173419,   96.4,   0.28,
0140201214, 021690, 173327,  105.9,   0.27,
0140201213, 021690, 173238,  115.6,   0.26,
0140201212, 021690, 173151,  125.4,   0.34,
0140201211, 021690, 173058,  135.7,   0.30,
0150200623, 031990, 082925,  116.7,   0.24,
0150200622, 031990, 082816,  126.9,   0.23,
0150200621, 031990, 082706,  137.2,   0.25,
0150200713, 031990, 114727,    5.6,   0.26,
0150200712, 031990, 114631,   15.7,   0.28,
0150200711, 031990, 114529,   25.5,   0.31,
0150200710, 031990, 114432,   35.1,   0.28,
0150200709, 031990, 114336,   45.3,   0.26,
0150200708, 031990, 114227,   60.6,   0.26,
0150200707, 031990, 114116,   75.1,   0.28,
0150200706, 031990, 114005,   87.1,   0.31,
0150200705, 031990, 113852,   99.0,   0.27,
0150200704, 031990, 113734,  110.0,   0.26,
0160200623, 041390, 061646,   81.5,   0.27,
0160200622, 041390, 061446,  117.3,   0.28,
0160200621, 041390, 061327,  128.7,   0.27,
0160200620, 041390, 061157,  137.0,   0.27,
0160200714, 041390, 091344,    6.3,   0.28,
0160200713, 041390, 091248,   16.6,   0.30,
0160200712, 041390, 091158,   25.7,   0.27,
0160200710, 041390, 091046,   36.9,   0.27,
0160200709, 041390, 091000,   45.9,   0.25,
0160200708, 041390, 090901,   61.8,   0.27,
0160200707, 041390, 090806,   61.8,   0.28,
0160200706, 041390, 090709,   78.0,   0.25,
0160200705, 041390, 090614,   98.5,   0.26,
0160200704, 041390, 090513,  108.8,   0.28,
0170200523, 050990, 050946,    6.2,   0.33,
0170200520, 050990, 050727,   26.9,   0.30,
0170200518, 050990, 050615,   36.8,   0.24,
0170200517, 050990, 050442,   46.4,   0.21,
0170200516, 050990, 050338,   62.7,   0.21,
0170200515, 050990, 050235,   77.4,   0.21,
0170200514, 050990, 050140,   87.4,   0.21,
0170200513, 050990, 050027,   97.9,   0.21,
0170200512, 050990, 045923,  106.8,   0.21,
0170200511, 050990, 045819,  118.0,   0.20,
0170200510, 050990, 045652,  129.9,   0.17,
0170200509, 050990, 045459,  137.0,   0.24,
0180200522, 061390, 071330,    5.2,   0.30,
0180200520, 061390, 071021,   26.2,   0.23,
0180200518, 061390, 070904,   35.1,   0.24,
0180200517, 061390, 070813,   45.6,   0.25,
0180200516, 061390, 070703,   60.7,   0.25,
0180200515, 061390, 070606,   76.0,   0.25,
0180200513, 061390, 070415,   96.7,   0.27,
0180200512, 061390, 070321,  106.9,   0.24,
0180200511, 061390, 070223,  117.2,   0.27,
0180200509, 061390, 070024,  137.2,   0.35,
0190200620, 072590, 095515,    4.7,   0.28,
0190200618, 072590, 095128,   26.5,   0.29,
0190200617, 072590, 094952,   36.8,   0.26,
0190200616, 072590, 094838,   46.3,   0.26,
0190200615, 072590, 094647,   61.7,   0.25,
0190200614, 072590, 094530,   77.4,   0.28,
0190200613, 072590, 094410,   87.2,   0.26,
0190200612, 072590, 094244,   97.1,   0.24,
0190200610, 072590, 094009,  117.5,   0.23,
0190200608, 072590, 093610,  137.5,   0.33,
0220200422, 121890, 044140,  118.8,   0.25,
0220200421, 121890, 044047,  129.9,   0.24,
0220200420, 121890, 043950,  139.3,   0.27,
0220200523, 121890, 075016,    7.0,   0.23,
0220200521, 121890, 074904,   14.9,   0.25,
0220200520, 121890, 074741,   27.0,   0.29,
0220200518, 121890, 074554,   45.8,   0.25,
0220200517, 121890, 074452,   45.8,   0.24,
0220200516, 121890, 074348,   61.9,   0.24,
0220200515, 121890, 074258,   76.5,   0.25,
0220200514, 121890, 074208,   86.0,   0.23,
0220200513, 121890, 074113,   96.2,   0.24,
0220200512, 121890, 074032,  106.2,   0.24,
0220200510, 121890, 073855,  116.6,   0.24,
0220200508, 121890, 073700,  128.0,   0.32,
0230200323, 020391, 081547,    6.0,   0.29,
0230200320, 020391, 081311,   26.1,   0.27,
0230200318, 020391, 081152,   36.0,   0.26,
0230200317, 020391, 081055,   49.6,   0.24,
0230200316, 020391, 080922,   62.1,   0.23,
0230200315, 020391, 080754,   75.6,   0.24,
0230200314, 020391, 080650,   88.4,   0.23,
0230200313, 020391, 080536,   99.1,   0.23,
0230200312, 020391, 080427,  107.3,   0.22,
0230200311, 020391, 080314,  118.2,   0.22,
0230200310, 020391, 080211,  128.5,   0.23,
0230200309, 020391, 080056,  139.0,   0.26,
0240200123, 030691, 203200,    5.4,   0.22,
0240200120, 030691, 202900,   19.1,   0.24,
0240200118, 030691, 202700,   36.8,   0.26,
0240200117, 030691, 202600,   39.7,   0.23,
0240200116, 030691, 202100,   63.7,   0.21,
0240200115, 030691, 201900,   78.9,   0.23,
0240200114, 030691, 201800,   86.2,   0.24,
0240200113, 030691, 201700,   94.7,   0.24,
0240200112, 030691, 201600,  105.3,   0.21,
0240200111, 030691, 201500,  117.6,   0.22,
0240200110, 030691, 201300,  126.5,   0.23,
0240200109, 030691, 201100,  139.2,   0.27,
0250200518, 041091, 074802,   27.2,   0.28,
0250200517, 041091, 074701,   37.9,   0.28,
0250200516, 041091, 074557,   48.7,   0.29,
0250200515, 041091, 074428,   65.1,   0.28,
0250200514, 041091, 074317,   77.5,   0.25,
0250200513, 041091, 074223,   88.9,   0.26,
0250200512, 041091, 074123,   98.6,   0.25,
0250200511, 041091, 074027,  108.2,   0.28,
0250200510, 041091, 073931,  119.6,   0.29,
0250200509, 041091, 073841,  130.3,   0.30,
0260200420, 050891, 113631,   18.3,   0.28,
0260200418, 050891, 113524,   26.4,   0.29,
0260200417, 050891, 113413,   36.7,   0.28,
0260200416, 050891, 113254,   46.0,   0.25,
0260200415, 050891, 113151,   64.3,   0.22,
0260200414, 050891, 113100,   78.0,   0.22,
0260200413, 050891, 113007,   86.9,   0.21,
0260200412, 050891, 112835,   98.0,   0.20,
0260200411, 050891, 112740,  104.6,   0.21,
0260200410, 050891, 112641,  114.8,   0.23,
0260200409, 050891, 112543,  126.3,   0.22,
0260200408, 050891, 112431,  140.5,   0.21,
0270200623, 060591, 070845,    6.5,   0.30,
0270200620, 060591, 070701,   16.2,   0.29,
0270200619, 060591, 070603,   27.8,   0.31,
0270200618, 060591, 070512,   37.9,   0.30,
0270200617, 060591, 070421,   47.7,   0.23,
0270200616, 060591, 070315,   63.6,   0.23,
0270200615, 060591, 070211,   78.2,   0.22,
0270200614, 060591, 070106,   90.2,   0.26,
0270200613, 060591, 070010,   99.2,   0.21,
0270200612, 060591, 065911,  109.6,   0.22,
0270200611, 060591, 065819,  120.2,   0.24,
0270200610, 060591, 065723,  130.2,   0.26,
0270200609, 060591, 065633,  139.0,   0.23,
0280200521, 071091, 070401,    3.3,   0.29,
0280200520, 071091, 070313,   13.3,   0.34,
0280200518, 071091, 070208,   23.3,   0.32,
0280200517, 071091, 070122,   34.0,   0.31,
0280200516, 071091, 070037,   43.2,   0.32,
0280200515, 071091, 065939,   58.9,   0.29,
0280200514, 071091, 065843,   73.9,   0.34,
0280200513, 071091, 065751,   84.7,   0.29,
0280200512, 071091, 065656,   94.5,   0.29,
0280200511, 071091, 065603,  104.4,   0.28,
0280200510, 071091, 065511,  115.1,   0.29,
0280200509, 071091, 065405,  127.4,   0.31,
0280200508, 071091, 065257,  135.8,   0.37,
0290200618, 081091, 100104,   34.8,   0.34,
0290200617, 081091, 100003,   42.2,   0.28,
0290200615, 081091, 095735,   75.7,   0.30,
0290200614, 081091, 095639,   87.6,   0.34,
0290200613, 081091, 095545,   98.2,   0.29,
0290200612, 081091, 095417,  107.6,   0.31,
0290200611, 081091, 095321,  117.7,   0.30,
0290200610, 081091, 095219,  129.6,   0.31,
0290200609, 081091, 095121,  139.3,   0.36,
0300200514, 091891, 055457,  111.4,   0.29,
0300200513, 091891, 055406,  121.8,   0.28,
0300200512, 091891, 055306,  131.5,   0.29,
0300200511, 091891, 055209,  141.7,   0.32,
0300200615, 091891, 082714,   11.3,   0.29,
0300200612, 091891, 082414,   31.1,   0.28,
0300200611, 091891, 082254,   41.1,   0.31,
0300200610, 091891, 082113,   50.8,   0.32,
0300200608, 091891, 081922,   67.7,   0.28,
0300200607, 091891, 081804,   83.3,   0.29,
0300200606, 091891, 081650,   95.6,   0.34,
0300200605, 091891, 081542,  105.4,   0.35,
0310200416, 102191, 075430,  103.9,   0.23,
0310200415, 102191, 075327,  114.6,   0.27,
0310200413, 102191, 075154,  124.7,   0.36,
0310200412, 102191, 075100,  135.1,   0.26,
0310200518, 102191, 104230,    6.7,   0.29,
0310200516, 102191, 104112,   16.8,   0.30,
0310200515, 102191, 104021,   27.0,   0.26,
0310200513, 102191, 103902,   35.9,   0.35,
0310200512, 102191, 103810,   46.5,   0.29,
0310200511, 102191, 103710,   61.3,   0.33,
0310200510, 102191, 103606,   76.8,   0.33,
0310200509, 102191, 103514,   87.1,   0.27,
0310200508, 102191, 103421,   97.4,   0.24,
0320200512, 120691, 064650,   99.2,   0.31,
0320200511, 120691, 064602,  105.3,   0.29,
0320200510, 120691, 064511,  115.8,   0.34,
0320200508, 120691, 064320,  137.6,   0.37,
0320200612, 120691, 090247,    6.6,   0.36,
0320200611, 120691, 090142,   14.2,   0.34,
0320200609, 120691, 090013,   24.3,   0.33,
0320200607, 120691, 085751,   45.7,   0.36,
0320200606, 120691, 085700,   61.1,   0.38,
0320200605, 120691, 085605,   75.4,   0.37,
0320200604, 120691, 085503,   88.6,   0.37,
0330200412, -00009, -00009,  107.2,   0.30,
0330200411, -00009, -00009,  115.5,   0.34,
0330200410, -00009, -00009,  126.7,   0.37,
0330200409, -00009, -00009,  135.9,   0.35,
0330200513, -00009, -00009,    5.8,   0.28,
0330200510, -00009, -00009,   26.3,   0.31,
0330200509, -00009, -00009,   36.4,   0.35,
0330200508, -00009, -00009,   46.7,   0.33,
0330200507, -00009, -00009,   62.0,   0.30,
0330200506, -00009, -00009,   77.4,   0.30,
0330200505, -00009, -00009,   87.9,   0.28,
0330200504, -00009, -00009,   96.7,   0.30,
0340201108, 021592, 093935,  138.0,   0.35,
0340201217, 021592, 130334,    5.6,   0.31,
0340201214, 021592, 130057,   29.9,   0.31,
0340201213, 021592, 125951,   37.6,   0.31,
0340201211, 021592, 125659,   63.9,   0.35,
0340201210, 021592, 125447,   77.3,   0.33,
0340201209, 021592, 125253,   85.0,   0.42,
0340201207, 021592, 125045,   92.5,   0.34,
0350200212, -00009, -00009,  118.2,   0.33,
0350200211, -00009, -00009,  121.2,   0.32,
0350200210, -00009, -00009,  126.7,   0.33,
0350200208, -00009, -00009,  136.8,   0.32,
0350200311, -00009, -00009,    7.2,   0.44,
0350200309, -00009, -00009,   26.4,   0.37,
0350200308, -00009, -00009,   37.2,   0.43,
0350200307, -00009, -00009,   47.3,   0.38,
0350200306, -00009, -00009,   61.3,   0.44,
0350200305, -00009, -00009,   78.2,   0.37,
0350200304, -00009, -00009,   87.9,   0.34,
0350200303, -00009, -00009,   99.1,   0.35,
0360200521, -00009, -00009,    8.2,   0.28,
0360200520, -00009, -00009,   18.3,   0.30,
0360200518, -00009, -00009,   29.5,   0.32,
0360200517, -00009, -00009,   38.4,   0.34,
0360200516, -00009, -00009,   48.7,   0.33,
0360200514, -00009, -00009,   78.5,   0.29,
0360200513, -00009, -00009,   88.8,   0.36,
0360200512, -00009, -00009,   99.2,   0.36,
0360200511, -00009, -00009,  109.3,   0.30,
0360200510, -00009, -00009,  119.6,   0.30,
0360200509, -00009, -00009,  128.3,   0.37,
0360200508, -00009, -00009,  138.2,   0.34,
0370200423, 060992, 071802,    4.6,   0.40,
0370200420, 060992, 071444,   24.7,   0.38,
0370200418, 060992, 071302,   34.6,   0.34,
0370200417, 060992, 071144,   44.8,   0.42,
0370200416, 060992, 071021,   59.6,   0.32,
0370200415, 060992, 070851,   74.9,   0.40,
0370200414, 060992, 070726,   84.9,   0.40,
0370200413, 060992, 070602,   94.9,   0.34,
0370200412, 060992, 070437,  103.9,   0.34,
0370200411, 060992, 070317,  113.4,   0.45,
0370200410, 060992, 070139,  124.5,   0.36,
0370200409, 060992, 070016,  135.9,   0.36,
0370200408, 060992, 065839,  148.3,   0.42,
0380200621, 070592, 083656,    8.7,   0.33,
0380200618, 070592, 083455,   28.4,   0.35,
0380200617, 070592, 083414,   38.4,   0.31,
0380200616, 070592, 083332,   48.5,   0.30,
0380200615, 070592, 083238,   63.5,   0.29,
0380200614, 070592, 083151,   78.1,   0.29,
0380200613, 070592, 083104,   87.2,   0.32,
0380200612, 070592, 083018,   97.5,   0.33,
0380200611, 070592, 082902,  108.5,   0.29,
0380200610, 070592, 082805,  118.1,   0.28,
0380200609, 070592, 082709,  129.3,   0.26,
0380200608, 070592, 082613,  139.0,   0.29,
0390201220, 080692, 090836,  109.0,   0.27,
0390201218, 080692, 090714,  128.8,   0.33,
0390201217, 080692, 090637,  138.1,   0.32,
0390201316, 080692, 112648,    9.9,   0.28,
0390201312, 080692, 112443,   31.1,   0.28,
0390201311, 080692, 112430,   31.0,   0.31,
0390201310, 080692, 112346,   40.3,   0.30,
0390201309, 080692, 112307,   49.3,   0.33,
0390201308, 080692, 112220,   64.8,   0.38,
0390201307, 080692, 112117,   80.1,   0.30,
0390201306, 080692, 112029,   92.1,   0.29,
0400200621, -00009, -00009,   15.6,   0.25,
0400200620, -00009, -00009,   25.4,   0.26,
0400200618, -00009, -00009,   35.4,   0.24,
0400200617, -00009, -00009,   45.4,   0.26,
0400200615, -00009, -00009,   74.7,   0.27,
0400200614, -00009, -00009,   82.8,   0.27,
0400200613, -00009, -00009,   94.0,   0.26,
0400200612, -00009, -00009,   94.0,   0.29,
0400200611, -00009, -00009,  105.5,   0.27,
0400200610, -00009, -00009,  115.0,   0.26,
0400200609, -00009, -00009,  124.8,   0.30,
0400200608, -00009, -00009,  134.2,   0.28,
0400200607, -00009, -00009,  134.2,   0.31,
0410200621, -00009, -00009,    8.5,   0.30,
0410200620, -00009, -00009,   15.4,   0.28,
0410200618, -00009, -00009,   24.7,   0.22,
0410200617, -00009, -00009,   34.6,   0.33,
0410200616, -00009, -00009,   44.7,   0.24,
0410200615, -00009, -00009,   59.7,   0.29,
0410200614, -00009, -00009,   74.7,   0.24,
0410200613, -00009, -00009,   84.8,   0.24,
0410200612, -00009, -00009,   95.8,   0.26,
0410200611, -00009, -00009,  105.2,   0.29,
0410200610, -00009, -00009,  115.0,   0.31,
0410200609, -00009, -00009,  125.0,   0.33,
0410200608, -00009, -00009,  132.6,   0.32,
0410200607, -00009, -00009,  148.4,   0.36,
0420200112, -00009, -00009,  115.0,   0.30,
0420200111, -00009, -00009,  125.0,   0.30,
0420200109, -00009, -00009,  150.0,   0.28,
0420200212, -00009, -00009,    5.0,   0.33,
0420200211, -00009, -00009,   15.0,   0.31,
0420200210, -00009, -00009,   25.0,   0.32,
0420200209, -00009, -00009,   35.0,   0.32,
0420200208, -00009, -00009,   45.0,   0.33,
0420200207, -00009, -00009,   60.0,   0.32,
0420200206, -00009, -00009,   75.0,   0.32,
0420200205, -00009, -00009,   85.0,   0.32,
0420200204, -00009, -00009,   95.0,   0.29,
0420200203, -00009, -00009,  105.0,   0.35,
0420200202, -00009, -00009,  115.0,   0.28,
0420200201, -00009, -00009,  135.0,   0.30,
0430200612, -00009, -00009,    5.0,   0.26,
0430200611, -00009, -00009,   15.0,   0.30,
0430200610, -00009, -00009,   25.0,   0.42,
0430200609, -00009, -00009,   35.0,   0.28,
0430200608, -00009, -00009,   45.0,   0.28,
0430200607, -00009, -00009,   60.0,   0.25,
0430200606, -00009, -00009,   75.0,   0.25,
0430200605, -00009, -00009,   85.0,   0.23,
0430200604, -00009, -00009,   95.0,   0.27,
0430200603, -00009, -00009,  105.0,   0.26,
0430200602, -00009, -00009,  115.0,   0.27,
0430200601, -00009, -00009,  135.0,   0.30,
0430200712, -00009, -00009,  115.0,   0.27,
0430200711, -00009, -00009,  125.0,   0.24,
0430200710, -00009, -00009,  135.0,   0.24,
0430200709, -00009, -00009,  150.0,   0.28,
0440200412, 012093, 065339,  135.1,   0.25,
0440200411, 012093, 064858,  149.7,   0.35,
0440200512, 012093, 100604,    9.1,   0.26,
0440200511, 012093, 100428,   24.7,   0.22,
0440200510, 012093, 100321,   35.6,   0.26,
0440200509, 012093, 100211,   45.3,   0.33,
0440200507, 012093, 095907,   75.5,   0.27,
0440200506, 012093, 095814,   86.1,   0.28,
0440200505, 012093, 095707,   95.3,   0.30,
0440200504, 012093, 095551,  104.0,   0.27,
0440200502, 012093, 095354,  130.4,   0.25,
0450200621, 021793, 071005,    5.1,   0.24,
0450200618, 021793, 070703,   24.3,   0.23,
0450200617, 021793, 070557,   35.5,   0.27,
0450200616, 021793, 070450,   45.4,   0.24,
0450200615, 021793, 070319,   58.7,   0.25,
0450200614, 021793, 070157,   74.3,   0.27,
0450200613, 021793, 070040,   84.6,   0.25,
0450200612, 021793, 065942,   94.6,   0.27,
0450200611, 021793, 065829,  104.7,   0.26,
0450200610, 021793, 065657,  114.5,   0.31,
0450200609, 021793, 065354,  124.5,   0.38,
0450200608, 021793, 065233,  137.0,   0.42,
0460200323, 041493, 071322,    3.8,   0.28,
0460200322, 041493, 071130,   15.0,   0.28,
0460200320, 041493, 071013,   26.0,   0.26,
0460200319, 041493, 070922,   34.9,   0.39,
0460200318, 041493, 070831,   44.4,   0.24,
0460200317, 041493, 070738,   60.2,   0.24,
0460200316, 041493, 070643,   75.5,   0.22,
0460200315, 041493, 070547,   85.4,   0.21,
0460200314, 041493, 070452,   95.9,   0.20,
0460200313, 041493, 070356,  104.9,   0.20,
0460200312, 041493, 070245,  115.0,   0.21,
0460200311, 041493, 070154,  125.0,   0.24,
0460200310, 041493, 070057,  134.9,   0.24,
0460200417, 041493, 103826,  104.2,   0.23,
0460200416, 041493, 103653,  148.1,   0.25,
0470200924, 052193, 020723,    6.5,   0.34,
0470200922, 052193, 020536,   14.8,   0.27,
0470200920, 052193, 020352,   24.5,   0.33,
0470200919, 052193, 020232,   34.9,   0.28,
0470200918, 052193, 020124,   45.0,   0.32,
0470200917, 052193, 015956,   55.1,   0.28,
0470200916, 052193, 015822,   74.7,   0.23,
0470200915, 052193, 015715,   85.0,   0.21,
0470200914, 052193, 015611,   95.3,   0.22,
0470200913, 052193, 015432,  106.3,   0.33,
0470200912, 052193, 015321,  116.4,   0.22,
0470200911, 052193, 015212,  124.5,   0.27,
0470200910, 052193, 015057,  134.8,   0.25,
0490200723, 091493, 063900,    5.4,   0.25,
0490200722, 091493, 063652,   15.6,   0.26,
0490200721, 091493, 063459,   25.6,   0.28,
0490200720, 091493, 063257,   36.7,   0.25,
0490200719, 091493, 063103,   46.6,   0.24,
0490200717, 091493, 062724,   61.4,   0.26,
0490200716, 091493, 062523,   76.2,   0.23,
0490200715, 091493, 062336,   86.5,   0.22,
0490200714, 091493, 062137,   96.4,   0.23,
0490200713, 091493, 061950,  105.9,   0.22,
0490200712, 091493, 061805,  116.2,   0.22,
0490200710, 091493, 061437,  125.6,   0.23,
0490200708, 091493, 061111,  136.3,   0.26,
0500200623, 102993, 074530,    7.1,   0.24,
0500200622, 102993, 074421,   17.2,   0.24,
0500200620, 102993, 074255,   27.1,   0.25,
0500200619, 102993, 074117,   37.3,   0.24,
0500200618, 102993, 074000,   48.4,   0.22,
0500200617, 102993, 073831,   58.5,   0.24,
0500200616, 102993, 073558,   80.3,   0.27,
0500200615, 102993, 073442,   78.9,   0.22,
0500200614, 102993, 073318,   93.4,   0.21,
0500200613, 102993, 073200,  105.2,   0.21,
0500200612, 102993, 073009,  117.8,   0.21,
0500200610, 102993, 072754,  125.0,   0.23,
0500200608, 102993, 072512,  138.4,   0.24,
0500200607, 102993, 072336,  148.9,   0.32,
0510200422, 012094, 091215,    7.5,   0.26,
0510200421, 012094, 091156,   17.1,   0.29,
0510200419, 012094, 090954,   27.3,   0.32,
0510200418, 012094, 090940,   36.7,   0.34,
0510200416, 012094, 090726,   62.9,   0.27,
0510200415, 012094, 090613,   76.6,   0.27,
0510200414, 012094, 090504,   85.8,   0.28,
0510200413, 012094, 090409,   96.1,   0.28,
0510200412, 012094, 090312,  106.4,   0.25,
0510200411, 012094, 090218,  114.6,   0.27,
0510200410, 012094, 090118,  125.7,   0.26,
0510200409, 012094, 090023,  136.4,   0.31,
0520200517, 021794, 065711,    4.8,   0.33,
0520200516, 021794, 065604,   15.0,   0.32,
0520200515, 021794, 065455,   25.4,   0.32,
0520200514, 021794, 065351,   35.0,   0.29,
0520200513, 021794, 065249,   44.9,   0.30,
0520200512, 021794, 065129,   61.4,   0.30,
0520200511, 021794, 065000,   77.8,   0.27,
0520200510, 021794, 064852,   85.6,   0.28,
0520200509, 021794, 064752,   95.4,   0.30,
0520200508, 021794, 064651,  106.1,   0.39,
0520200507, 021794, 064545,  114.4,   0.26,
0520200506, 021794, 064445,  125.5,   0.27,
0520200505, 021794, 064343,  135.2,   0.28,
0530200621, 030994, 060838,    4.6,   0.28,
0530200620, 030994, 060708,   14.9,   0.27,
0530200618, 030994, 060546,   25.2,   0.32,
0530200617, 030994, 060448,   36.8,   0.26,
0530200616, 030994, 060347,   45.5,   0.26,
0530200615, 030994, 060226,   60.1,   0.30,
0530200614, 030994, 060130,   75.0,   0.26,
0530200613, 030994, 060043,   83.3,   0.27,
0530200612, 030994, 055938,   95.2,   0.28,
0530200611, 030994, 055837,  104.9,   0.25,
0530200610, 030994, 055737,  115.9,   0.25,
0530200609, 030994, 055642,  125.8,   0.24,
0530200608, 030994, 055535,  135.0,   0.23,
0530200607, 030994, 055225,  149.2,   0.25,
0540201321, 061994, 230633,    5.1,   0.29,
0540201320, 061994, 230503,   14.9,   0.29,
0540201318, 061994, 230339,   24.7,   0.28,
0540201316, 061994, 230056,   44.6,   0.27,
0540201315, 061994, 225936,   59.7,   0.30,
0540201314, 061994, 225807,   75.4,   0.36,
0540201313, 061994, 225646,   84.7,   0.30,
0540201312, 061994, 225524,   95.7,   0.28,
0540201311, 061994, 225403,  105.1,   0.24,
0540201310, 061994, 225242,  113.8,   0.22,
0540201309, 061994, 225114,  125.3,   0.21,
0540201308, 061994, 224943,  136.6,   0.21,
0550200423, 072594, 080830,    4.7,   0.32,
0550200422, 072594, 080712,   14.8,   0.30,
0550200420, 072594, 080534,   24.6,   0.32,
0550200419, 072594, 080425,   34.2,   0.32,
0550200418, 072594, 080309,   43.8,   0.33,
0550200417, 072594, 080147,   59.8,   0.34,
0550200416, 072594, 080028,   74.3,   0.37,
0550200414, 072594, 075845,   84.3,   0.32,
0550200413, 072594, 075707,   94.9,   0.28,
0550200412, 072594, 075548,  104.2,   0.30,
0550200411, 072594, 075431,  115.3,   0.28,
0550200410, 072594, 075215,  124.2,   0.29,
0550200409, 072594, 075043,  134.4,   0.28,
0550200407, 072594, 074814,  149.6,   0.30,
0560200521, 083094, 064533,    4.5,   0.28,
0560200520, 083094, 064429,   14.6,   0.39,
0560200518, 083094, 064310,   25.2,   0.38,
0560200517, 083094, 064204,   35.2,   0.36,
0560200516, 083094, 064059,   44.6,   0.36,
0560200515, 083094, 063939,   59.6,   0.29,
0560200514, 083094, 063820,   75.9,   0.35,
0560200513, 083094, 063710,   85.0,   0.30,
0560200512, 083094, 063552,   94.4,   0.32,
0560200511, 083094, 063441,  105.5,   0.34,
0560200510, 083094, 063309,  115.0,   0.32,
0560200509, 083094, 063142,  125.1,   0.34,
0560200508, 083094, 063030,  135.4,   0.37,
0580200516, 101594, 063216,    4.4,   0.31,
0580200622, 101594, 090603,    5.0,   0.28,
0580200621, 101594, 090506,   14.6,   0.30,
0580200619, 101594, 090350,   25.0,   0.31,
0580200618, 101594, 090259,   34.3,   0.35,
0580200617, 101594, 090155,   44.6,   0.30,
0580200616, 101594, 090029,   59.5,   0.29,
0580200615, 101594, 085919,   74.5,   0.29,
0580200614, 101594, 085814,   84.2,   0.27,
0580200613, 101594, 085659,   94.7,   0.27,
0580200612, 101594, 085552,  104.7,   0.26,
0580200611, 101594, 085446,  115.3,   0.26,
0580200610, 101594, 085344,  124.7,   0.27,
0580200609, 101594, 085237,  134.8,   0.25,
0580200608, 101594, 085125,  149.5,   0.24,
0590200521, 112094, 074403,    5.3,   0.28,
0590200520, 112094, 074305,   14.8,   0.29,
0590200518, 112094, 074159,   25.2,   0.34,
0590200517, 112094, 074104,   34.2,   0.27,
0590200516, 112094, 074000,   43.2,   0.28,
0590200515, 112094, 073843,   58.7,   0.26,
0590200514, 112094, 073739,   74.0,   0.23,
0590200513, 112094, 073617,   86.5,   0.28,
0590200512, 112094, 073511,   94.9,   0.23,
0590200511, 112094, 073417,  102.3,   0.25,
0590200510, 112094, 073315,  115.7,   0.28,
0590200509, 112094, 073217,  125.2,   0.24,
0590200508, 112094, 073105,  135.4,   0.22,
0600200522, 020695, 075910,    4.9,   0.40,
0600200521, 020695, 075809,   14.9,   0.47,
0600200519, 020695, 075652,   23.2,   0.54,
0600200518, 020695, 075556,   34.1,   0.47,
0600200517, 020695, 075505,   43.8,   0.39,
0600200516, 020695, 075410,   59.8,   0.43,
0600200515, 020695, 075314,   74.9,   0.39,
0600200514, 020695, 075220,   84.8,   0.36,
0600200513, 020695, 075139,   95.5,   0.36,
0600200512, 020695, 075053,  104.3,   0.31,
0600200511, 020695, 075008,  113.5,   0.33,
0600200509, 020695, 074812,  123.8,   0.32,
0600200508, 020695, 074717,  133.6,   0.35,
0600200507, 020695, 074619,  149.8,   0.29,
0610200422, 030495, 080036,    5.5,   0.36,
0610200421, 030495, 075930,   15.0,   0.35,
0610200419, 030495, 075819,   25.5,   0.38,
0610200418, 030495, 075717,   34.0,   0.37,
0610200417, 030495, 075600,   44.7,   0.34,
0610200416, 030495, 075458,   57.9,   0.34,
0610200415, 030495, 075325,   78.0,   0.37,
0610200414, 030495, 075206,   85.2,   0.38,
0610200413, 030495, 075058,   96.0,   0.37,
0610200412, 030495, 074941,  106.3,   0.39,
0610200411, 030495, 074833,  111.9,   0.40,
0610200410, 030495, 074728,  123.6,   0.46,
0610200409, 030495, 074631,  134.2,   0.35,
0610200407, 030495, 074441,  149.2,   0.33,
0620201523, 040795, 131428,    4.8,   0.35,
0620201521, 040795, 131212,   24.6,   0.39,
0620201519, 040795, 131049,   44.2,   0.35,
0620201517, 040795, 130840,   74.3,   0.33,
0620201512, 040795, 130417,  115.1,   0.29,
0620201511, 040795, 130240,  124.3,   0.30,
0620201509, 040795, 130048,  149.5,   0.30,
0630200523, 050795, 090218,    5.0,   0.32,
0630200522, 050795, 090129,    9.7,   0.33,
0630200521, 050795, 090044,   15.0,   0.34,
0630200519, 050795, 085938,   24.7,   0.35,
0630200518, 050795, 085836,   34.3,   0.36,
0630200517, 050795, 085729,   45.0,   0.35,
0630200516, 050795, 085622,   59.5,   0.29,
0630200515, 050795, 085509,   75.6,   0.27,
0630200514, 050795, 085413,   84.3,   0.27,
0630200513, 050795, 085308,   95.2,   0.24,
0630200512, 050795, 085209,  104.8,   0.24,
0630200511, 050795, 085115,  115.0,   0.24,
0630200510, 050795, 085019,  124.3,   0.28,
0630200509, 050795, 084919,  135.3,   0.24,
0630200508, 050795, 084817,  149.8,   0.25,
0640200423, 073095, 042905,    9.0,   0.38,
0640200523, 073095, 082954,    5.0,   0.37,
0640200522, 073095, 082840,   14.7,   0.34,
0640200520, 073095, 082736,   24.4,   0.36,
0640200519, 073095, 082630,   35.0,   0.38,
0640200518, 073095, 082510,   45.1,   0.34,
0640200517, 073095, 082351,   60.1,   0.35,
0640200516, 073095, 082228,   74.9,   0.34,
0640200515, 073095, 082120,   85.0,   0.38,
0640200514, 073095, 082010,   95.6,   0.32,
0640200513, 073095, 081900,  104.7,   0.30,
0640200512, 073095, 081744,  114.6,   0.29,
0640200511, 073095, 081623,  124.5,   0.28,
0640200510, 073095, 081525,  133.8,   0.28,
0640200509, 073095, 081405,  149.5,   0.28,
0650200423, 082895, 073257,    4.7,   0.29,
0650200422, 082895, 073155,   14.3,   0.31,
0650200420, 082895, 073055,   25.0,   0.37,
0650200419, 082895, 073001,   44.3,   0.42,
0650200418, 082895, 072909,   60.3,   0.34,
0650200417, 082895, 072757,   74.4,   0.32,
0650200416, 082895, 072658,   84.3,   0.30,
0650200415, 082895, 072600,   89.3,   0.27,
0650200414, 082895, 072458,   94.7,   0.30,
0650200413, 082895, 072407,  100.2,   0.28,
0650200412, 082895, 072300,  105.2,   0.28,
0650200411, 082895, 072154,  114.8,   0.27,
0650200410, 082895, 072100,  124.8,   0.29,
0650200409, 082895, 072010,  135.4,   0.31,
0650200408, 082895, 071859,  149.6,   0.35,
0660200424, 092795, 041116,    4.8,   0.31,
0660200423, 092795, 040958,   14.7,   0.38,
0660200422, 092795, 040904,   24.5,   0.35,
0660200421, 092795, 040807,   44.3,   0.33,
0660200420, 092795, 040706,   73.9,   0.31,
0660200419, 092795, 040601,   99.5,   0.32,
0660200418, 092795, 040455,  124.8,   0.29,
0660200522, 092795, 070151,    5.0,   0.38,
0660200521, 092795, 070049,   14.1,   0.37,
0660200519, 092795, 065939,   24.8,   0.37,
0660200518, 092795, 065849,   35.0,   0.33,
0660200517, 092795, 065800,   45.5,   0.36,
0660200516, 092795, 065649,   60.4,   0.35,
0660200515, 092795, 065545,   74.5,   0.31,
0660200514, 092795, 065455,   85.0,   0.34,
0660200513, 092795, 065356,   93.9,   0.30,
0660200512, 092795, 065311,  104.1,   0.31,
0660200511, 092795, 065209,  114.4,   0.26,
0660200510, 092795, 065114,  124.0,   0.27,
0660200509, 092795, 065021,  134.1,   0.30,
0660200508, 092795, 064910,  149.1,   0.36,
0670200622, 102795, 060603,    4.6,   0.27,
0670200620, 102795, 060458,   13.6,   0.27,
0670200618, 102795, 060354,   24.4,   0.28,
0670200617, 102795, 060244,   44.3,   0.29,
0670200616, 102795, 060053,   59.4,   0.29,
0670200615, 102795, 055948,   75.0,   0.30,
0670200614, 102795, 055845,   84.9,   0.24,
0670200612, 102795, 055651,  104.1,   0.23,
0670200611, 102795, 055549,  114.9,   0.27,
0670200610, 102795, 055453,  124.8,   0.24,
0670200609, 102795, 055349,  134.7,   0.24,
0670200608, 102795, 055252,  149.1,   0.25,
0680200622, 111795, 060149,    5.0,   0.23,
0680200621, 111795, 060036,   14.1,   0.24,
0680200619, 111795, 055913,   24.0,   0.24,
0680200618, 111795, 055807,   34.5,   0.24,
0680200617, 111795, 055708,   44.3,   0.27,
0680200616, 111795, 055605,   60.9,   0.24,
0680200615, 111795, 055436,   74.5,   0.24,
0680200614, 111795, 055324,   85.5,   0.22,
0680200613, 111795, 055211,   94.1,   0.25,
0680200612, 111795, 055109,  104.3,   0.26,
0680200611, 111795, 054958,  114.3,   0.29,
0680200610, 111795, 054836,  125.0,   0.28,
0680200609, 111795, 054726,  134.5,   0.30,
0680200608, 111795, 054621,  149.9,   0.28,
0690200721, 011796, 075754,    4.6,   0.32,
0690200720, 011796, 075656,   14.5,   0.33,
0690200718, 011796, 075546,   24.9,   0.33,
0690200717, 011796, 075452,   34.8,   0.34,
0690200716, 011796, 075348,   44.8,   0.36,
0690200715, 011796, 075242,   59.6,   0.34,
0690200714, 011796, 075136,   74.6,   0.34,
0690200713, 011796, 075032,   84.3,   0.31,
0690200712, 011796, 074934,   94.4,   0.30,
0690200711, 011796, 074834,  104.4,   0.33,
0690200710, 011796, 074734,  114.4,   0.35,
0690200709, 011796, 074628,  124.8,   0.32,
0690200708, 011796, 074520,  134.9,   0.34,
0690200707, 011796, 074412,  149.5,   0.32,
0700200622, 032796, 080100,    4.8,   0.32,
0700200620, 032796, 075952,   13.1,   0.32,
0700200618, 032796, 075824,   24.4,   0.33,
0700200617, 032796, 075726,   34.0,   0.30,
0700200616, 032796, 075626,   44.3,   0.31,
0700200615, 032796, 075518,   58.8,   0.31,
0700200614, 032796, 075412,   72.8,   0.26,
0700200613, 032796, 075314,   84.4,   0.25,
0700200612, 032796, 075216,   95.2,   0.27,
0700200611, 032796, 075112,  104.6,   0.29,
0700200610, 032796, 075008,  114.7,   0.30,
0700200609, 032796, 074912,  123.7,   0.29,
0700200608, 032796, 074824,  134.0,   0.34,
0700200607, 032796, 074724,  148.7,   0.37,
0710200624, 042496, 070429,    2.2,   0.32,
0710200622, 042496, 070331,    4.6,   0.30,
0710200621, 042496, 070207,   14.9,   0.31,
0710200619, 042496, 070105,   23.6,   0.30,
0710200618, 042496, 065939,   34.3,   0.27,
0710200617, 042496, 065833,   44.1,   0.29,
0710200616, 042496, 065725,   59.0,   0.28,
0710200615, 042496, 065613,   74.1,   0.30,
0710200614, 042496, 065503,   84.4,   0.26,
0710200613, 042496, 065353,   94.2,   0.26,
0710200612, 042496, 065247,  104.1,   0.26,
0710200611, 042496, 065137,  114.8,   0.25,
0710200610, 042496, 065037,  123.9,   0.25,
0710200609, 042496, 064921,  134.5,   0.25,
0720200221, 052296, 060931,    5.1,   0.30,
0720200220, 052296, 060826,   15.3,   0.29,
0720200218, 052296, 060707,   24.6,   0.28,
0720200217, 052296, 060554,   35.1,   0.26,
0720200216, 052296, 060452,   44.5,   0.27,
0720200215, 052296, 060328,   61.1,   0.24,
0720200214, 052296, 060206,   75.1,   0.26,
0720200213, 052296, 060053,   85.0,   0.26,
0720200212, 052296, 055936,   94.3,   0.25,
0720200211, 052296, 055826,  105.1,   0.25,
0720200210, 052296, 055720,  116.3,   0.27,
0720200209, 052296, 055600,  125.0,   0.25,
0720200208, 052296, 055452,  134.8,   0.28,
0720200207, 052296, 055332,  149.0,   0.29,
0730200623, 062696, 070517,    4.0,   0.37,
0730200621, 062696, 070357,   14.7,   0.37,
0730200619, 062696, 070225,   24.6,   0.38,
0730200618, 062696, 070111,   35.2,   0.41,
0730200617, 062696, 065955,   45.0,   0.37,
0730200616, 062696, 065833,   59.3,   0.27,
0730200615, 062696, 065721,   74.4,   0.26,
0730200614, 062696, 065607,   84.5,   0.27,
0730200613, 062696, 065503,   94.9,   0.28,
0730200612, 062696, 065357,  104.7,   0.26,
0730200611, 062696, 065249,  114.5,   0.39,
0730200610, 062696, 065131,  124.1,   0.27,
0730200609, 062696, 065015,  134.0,   0.26,
0730200608, 062696, 064907,  150.0,   0.26,
0740200622, 072796, 065559,    4.5,   0.33,
0740200621, 072796, 065505,   14.4,   0.33,
0740200619, 072796, 065405,   24.3,   0.32,
0740200618, 072796, 065301,   33.9,   0.32,
0740200617, 072796, 065203,   44.6,   0.30,
0740200616, 072796, 065111,   58.9,   0.28,
0740200615, 072796, 065009,   74.8,   0.27,
0740200614, 072796, 064917,   84.5,   0.25,
0740200613, 072796, 064817,   95.1,   0.25,
0740200612, 072796, 064729,  103.8,   0.33,
0740200611, 072796, 064629,  113.7,   0.26,
0740200610, 072796, 064535,  124.2,   0.26,
0740200609, 072796, 064439,  134.2,   0.24,
0750200623, 082196, 080151,    5.2,   0.35,
0750200622, 082196, 080029,   14.8,   0.33,
0750200620, 082196, 075919,   25.2,   0.32,
0750200619, 082196, 075829,   34.6,   0.32,
0750200618, 082196, 075721,   44.9,   0.31,
0750200617, 082196, 075618,   59.8,   0.30,
0750200616, 082196, 075507,   74.5,   0.27,
0750200615, 082196, 075405,   84.6,   0.26,
0750200614, 082196, 075259,   95.0,   0.27,
0750200613, 082196, 075203,  104.4,   0.27,
0750200612, 082196, 075105,  114.2,   0.26,
0750200611, 082196, 075007,  125.3,   0.32,
0750200610, 082196, 074851,  135.7,   0.28,
0760200624, 100296, 065924,    3.8,   0.31,
0760200622, 100296, 065822,   14.2,   0.30,
0760200620, 100296, 065723,   24.2,   0.29,
0760200619, 100296, 065626,   34.9,   0.28,
0760200618, 100296, 065540,   43.6,   0.28,
0760200617, 100296, 065430,   59.6,   0.27,
0760200616, 100296, 065318,   73.8,   0.26,
0760200615, 100296, 065212,   84.6,   0.29,
0760200614, 100296, 065118,   94.5,   0.38,
0760200613, 100296, 065016,  103.7,   0.28,
0760200612, 100296, 064908,  115.3,   0.29,
0760200611, 100296, 064808,  124.3,   0.29,
0760200610, 100296, 064710,  134.8,   0.26,
0760200609, 100296, 064608,  148.7,   0.29,
0770200318, 103096, 035825,    4.2,   0.25,
0770200317, 103096, 035539,   80.2,   0.32,
0770200422, 103096, 070334,    4.3,   0.30,
0770200421, 103096, 070232,   14.7,   0.30,
0770200419, 103096, 070052,   24.2,   0.28,
0770200418, 103096, 065934,   34.9,   0.27,
0770200417, 103096, 065806,   43.7,   0.29,
0770200416, 103096, 065650,   59.6,   0.27,
0770200415, 103096, 065528,   74.1,   0.29,
0770200414, 103096, 065424,   84.4,   0.24,
0770200413, 103096, 065310,   95.4,   0.27,
0770200412, 103096, 065202,  104.4,   0.30,
0770200411, 103096, 065052,  114.2,   0.29,
0770200410, 103096, 064946,  123.8,   0.29,
0770200409, 103096, 064844,  135.2,   0.33,
0770200408, 103096, 064722,  149.7,   0.33,
0780200621, 121196, 093257,    4.3,   0.26,
0780200620, 121196, 093133,   14.6,   0.30,
0780200618, 121196, 092945,   24.2,   0.27,
0780200617, 121196, 092821,   35.0,   0.28,
0780200616, 121196, 092653,   44.5,   0.28,
0780200615, 121196, 092535,   59.5,   0.29,
0780200614, 121196, 092411,   74.2,   0.29,
0780200613, 121196, 092249,   83.9,   0.30,
0780200612, 121196, 092127,   95.7,   0.29,
0780200611, 121196, 092011,  105.1,   0.28,
0780200610, 121196, 091853,  114.6,   0.29,
0780200609, 121196, 091743,  125.0,   0.30,
0780200608, 121196, 091611,  135.4,   0.28,
0780200607, 121196, 091445,  149.4,   0.30,
0790200517, 010897, 045348,    4.4,   0.28,
0790200516, 010897, 045112,  120.1,   0.30,
0790200622, 010897, 080555,    4.3,   0.30,
0790200621, 010897, 080433,   14.2,   0.33,
0790200619, 010897, 080311,   24.3,   0.29,
0790200618, 010897, 080143,   34.4,   0.30,
0790200617, 010897, 080003,   44.2,   0.30,
0790200616, 010897, 075835,   59.3,   0.33,
0790200615, 010897, 075713,   75.0,   0.30,
0790200614, 010897, 075539,   84.8,   0.29,
0790200613, 010897, 075421,   94.4,   0.30,
0790200612, 010897, 075301,  104.5,   0.31,
0790200611, 010897, 075149,  114.1,   0.31,
0790200610, 010897, 075025,  124.9,   0.30,
0790200609, 010897, 074903,  134.9,   0.29,
0790200608, 010897, 074717,  149.9,   0.31,
0800200517, 021897, 035601,    4.4,   0.25,
0800200622, 021897, 070826,    4.5,   0.30,
0800200621, 021897, 070712,   15.2,   0.27,
0800200619, 021897, 070558,   24.5,   0.27,
0800200618, 021897, 070438,   33.9,   0.30,
0800200617, 021897, 070324,   44.4,   0.30,
0800200616, 021897, 070158,   60.1,   0.32,
0800200615, 021897, 070040,   74.5,   0.27,
0800200614, 021897, 065934,   84.4,   0.30,
0800200613, 021897, 065814,   94.2,   0.30,
0800200612, 021897, 065708,  104.7,   0.29,
0800200611, 021897, 065548,  114.4,   0.28,
0800200610, 021897, 065434,  124.5,   0.28,
0800200609, 021897, 065316,  135.8,   0.24,
0800200608, 021897, 065144,  150.0,   0.23,
0810200622, 031297, 070732,    4.5,   0.27,
0810200621, 031297, 070624,   14.5,   0.30,
0810200619, 031297, 070456,   24.8,   0.26,
0810200618, 031297, 070344,   35.5,   0.26,
0810200617, 031297, 070232,   44.6,   0.27,
0810200616, 031297, 070114,   59.9,   0.27,
0810200615, 031297, 065946,   75.2,   0.29,
0810200614, 031297, 065832,   85.5,   0.22,
0810200613, 031297, 065722,   95.0,   0.29,
0810200612, 031297, 065606,  105.0,   0.27,
0810200611, 031297, 065454,  115.4,   0.28,
0810200609, 031297, 065306,  124.2,   0.27,
0810200608, 031297, 065150,  134.9,   0.26,
0820200622, 040997, 070830,    5.1,   0.25,
0820200621, 040997, 070724,   15.2,   0.24,
0820200619, 040997, 070614,   25.4,   0.26,
0820200618, 040997, 070504,   34.9,   0.28,
0820200617, 040997, 070352,   44.3,   0.29,
0820200616, 040997, 070204,   60.1,   0.26,
0820200615, 040997, 070052,   75.0,   0.32,
0820200614, 040997, 065938,   85.1,   0.32,
0820200613, 040997, 065826,   95.0,   0.37,
0820200612, 040997, 065718,  105.1,   0.42,
0820200611, 040997, 065604,  115.1,   0.45,
0820200610, 040997, 065444,  125.0,   0.46,
0820200609, 040997, 065334,  134.8,   0.44,
0820200608, 040997, 065216,  149.9,   0.49,
0830200624, 050797, 070134,    4.2,   0.31,
0830200623, 050797, 070040,   14.7,   0.32,
0830200622, 050797, 065942,   25.0,   0.34,
0830200621, 050797, 065846,   34.6,   0.36,
0830200620, 050797, 065754,   45.3,   0.39,
0830200618, 050797, 065548,   74.6,   0.46,
0830200617, 050797, 065434,   85.0,   0.41,
0830200616, 050797, 065340,   95.1,   0.36,
0830200615, 050797, 065246,  104.5,   0.34,
0830200614, 050797, 065156,  115.3,   0.35,
0830200613, 050797, 065100,  124.6,   0.34,
0830200612, 050797, 065000,  134.4,   0.36,
0830200607, 050797, 064708,  149.1,   0.32,
0840200622, 060497, 065837,    5.2,   0.33,
0840200621, 060497, 065741,   15.3,   0.34,
0840200619, 060497, 065633,   24.7,   0.36,
0840200618, 060497, 065521,   35.2,   0.37,
0840200617, 060497, 065435,   45.6,   0.38,
0840200616, 060497, 065339,   60.6,   0.43,
0840200615, 060497, 065231,   75.4,   0.45,
0840200614, 060497, 065145,   85.1,   0.42,
0840200613, 060497, 065053,   94.9,   0.34,
0840200612, 060497, 064945,  104.6,   0.32,
0840200611, 060497, 064853,  114.6,   0.36,
0840200610, 060497, 064753,  124.6,   0.37,
0840200609, 060497, 064659,  134.8,   0.43,
0840200608, 060497, 064605,  149.3,   0.38,
0850200622, 070997, 070701,    5.1,   0.28,
0850200621, 070997, 070541,   14.8,   0.27,
0850200619, 070997, 070421,   24.4,   0.28,
0850200618, 070997, 070305,   35.8,   0.34,
0850200617, 070997, 070151,   45.3,   0.31,
0850200616, 070997, 070033,   59.4,   0.31,
0850200615, 070997, 065909,   75.3,   0.27,
0850200614, 070997, 065805,   84.0,   0.24,
0850200613, 070997, 065651,   94.3,   0.33,
0850200612, 070997, 065531,  104.3,   0.32,
0850200611, 070997, 065425,  115.0,   0.30,
0850200610, 070997, 065317,  124.3,   0.34,
0850200609, 070997, 065203,  134.5,   0.32,
0860200222, 080297, 080201,    4.6,   0.25,
0860200221, 080297, 080101,   14.3,   0.23,
0860200219, 080297, 075937,   24.9,   0.25,
0860200218, 080297, 075811,   35.3,   0.28,
0860200217, 080297, 075715,   43.9,   0.25,
0860200216, 080297, 075613,   59.9,   0.28,
0860200215, 080297, 075501,   77.3,   0.25,
0860200214, 080297, 075359,   85.1,   0.21,
0860200213, 080297, 075305,   94.7,   0.28,
0860200212, 080297, 075213,  101.7,   0.30,
0860200211, 080297, 075115,  114.3,   0.29,
0860200210, 080297, 074953,  124.7,   0.29,
0860200209, 080297, 074851,  134.1,   0.29,
0860200208, 080297, 074755,  149.5,   0.32,
0870200222, 092597, 090724,    4.5,   0.25,
0870200221, 092597, 090604,   14.0,   0.27,
0870200219, 092597, 090440,   25.2,   0.31,
0870200217, 092597, 090208,   44.7,   0.30,
0870200216, 092597, 090042,   59.6,   0.30,
0870200215, 092597, 085908,   75.5,   0.33,
0870200214, 092597, 085804,   84.6,   0.30,
0870200213, 092597, 085700,   93.9,   0.36,
0870200212, 092597, 085544,  104.6,   0.27,
0870200211, 092597, 085440,  114.1,   0.28,
0870200210, 092597, 085332,  125.0,   0.30,
0870200208, 092597, 085100,  149.6,   0.33,
0880200221, 120597, 050854,    5.3,   0.27,
0880200220, 120597, 050746,   14.6,   0.32,
0880200219, 120597, 050632,   25.3,   0.28,
0880200218, 120597, 050524,   33.2,   0.29,
0880200217, 120597, 050412,   43.6,   0.26,
0880200216, 120597, 050305,   59.4,   0.26,
0880200215, 120597, 050152,   73.8,   0.45,
0880200214, 120597, 050045,   84.5,   0.33,
0880200213, 120597, 045942,   95.3,   0.29,
0880200212, 120597, 045828,  106.7,   0.37,
0880200211, 120597, 045717,  115.2,   0.34,
0880200210, 120597, 045609,  124.5,   0.25,
0880200209, 120597, 045507,  134.0,   0.27,
0880200208, 120597, 045353,  148.7,   0.28,
0890200622, 011198, 070203,    4.6,   0.22,
0890200621, 011198, 070037,   14.7,   0.22,
0890200619, 011198, 065903,   24.6,   0.23,
0890200618, 011198, 065743,   34.6,   0.25,
0890200617, 011198, 065623,   43.6,   0.25,
0890200616, 011198, 065443,   59.1,   0.25,
0890200615, 011198, 065317,   75.3,   0.24,
0890200614, 011198, 065203,   84.9,   0.27,
0890200613, 011198, 065053,   94.8,   0.25,
0890200612, 011198, 064953,  104.3,   0.23,
0890200611, 011198, 064843,  114.7,   0.27,
0890200610, 011198, 064733,  124.4,   0.26,
0890200609, 011198, 064627,  134.7,   0.28,
0890200608, 011198, 064517,  149.4,   0.29,
0900200522, 021998, 060516,    5.1,   0.23,
0900200521, 021998, 060402,   13.8,   0.22,
0900200519, 021998, 060222,   24.5,   0.23,
0900200518, 021998, 060042,   34.9,   0.22,
0900200517, 021998, 055926,   44.6,   0.24,
0900200516, 021998, 055752,   59.5,   0.23,
0900200515, 021998, 055616,   74.0,   0.23,
0900200514, 021998, 055502,   84.6,   0.24,
0900200513, 021998, 055348,   94.5,   0.24,
0900200512, 021998, 055232,  105.2,   0.23,
0900200511, 021998, 055116,  116.1,   0.27,
0900200510, 021998, 054952,  125.8,   0.26,
0900200509, 021998, 054832,  135.0,   0.29,
0900200508, 021998, 054712,  149.0,   0.29,
0910200622, 031898, 070348,    4.1,   0.34,
0910200621, 031898, 070238,   14.8,   0.27,
0910200619, 031898, 070122,   25.7,   0.38,
0910200618, 031898, 070002,   34.9,   0.31,
0910200617, 031898, 065852,   44.9,   0.34,
0910200616, 031898, 065732,   59.7,   0.43,
0910200615, 031898, 065612,   74.6,   0.38,
0910200614, 031898, 065502,   85.0,   0.37,
0910200613, 031898, 065358,   94.5,   0.35,
0910200612, 031898, 065252,  105.1,   0.29,
0910200611, 031898, 065138,  114.7,   0.32,
0910200610, 031898, 065032,  124.6,   0.30,
0910200609, 031898, 064922,  134.1,   0.28,
0910200608, 031898, 064808,  149.3,   0.26,
0920200622, 041598, 070718,    5.1,   0.33,
0920200621, 041598, 070618,   14.1,   0.24,
0920200619, 041598, 070502,   25.1,   0.27,
0920200618, 041598, 070404,   34.1,   0.26,
0920200617, 041598, 070304,   45.5,   0.29,
0920200616, 041598, 070148,   60.3,   0.31,
0920200615, 041598, 070034,   74.3,   0.35,
0920200614, 041598, 065920,   84.6,   0.27,
0920200613, 041598, 065818,   94.1,   0.27,
0920200612, 041598, 065718,  104.3,   0.25,
0920200611, 041598, 065618,  114.2,   0.25,
0920200610, 041598, 065518,  124.9,   0.24,
0920200608, 041598, 065318,  148.8,   0.24,
0930200622, 051398, 070747,    4.4,   0.25,
0930200621, 051398, 070623,   14.8,   0.23,
0930200619, 051398, 070453,   24.9,   0.24,
0930200618, 051398, 070348,   35.1,   0.26,
0930200617, 051398, 070242,   44.7,   0.24,
0930200616, 051398, 070122,   59.8,   0.25,
0930200615, 051398, 070007,   74.6,   0.25,
0930200614, 051398, 065852,   85.8,   0.25,
0930200613, 051398, 065746,   94.7,   0.26,
0930200612, 051398, 065634,  104.8,   0.24,
0930200611, 051398, 065527,  115.4,   0.25,
0930200610, 051398, 065422,  125.2,   0.26,
0930200609, 051398, 065312,  134.1,   0.27,
0940200322, 061798, 081229,    5.6,   0.27,
0940200321, 061798, 081124,   14.9,   0.26,
0940200319, 061798, 080949,   25.3,   0.24,
0940200318, 061798, 080829,   35.7,   0.26,
0940200317, 061798, 080724,   45.9,   0.25,
0940200316, 061798, 080609,   60.4,   0.25,
0940200315, 061798, 080449,   74.7,   0.25,
0940200314, 061798, 080329,   84.9,   0.27,
0940200313, 061798, 080219,   95.1,   0.25,
0940200312, 061798, 080109,  105.4,   0.23,
0940200311, 061798, 075959,  115.9,   0.26,
0940200310, 061798, 075849,  125.8,   0.24,
0940200309, 061798, 075739,  135.5,   0.25,
0950200322, 071598, 080955,    5.6,   0.23,
0950200321, 071598, 080831,   14.5,   0.23,
0950200319, 071598, 080700,   25.3,   0.23,
0950200318, 071598, 080543,   36.0,   0.26,
0950200317, 071598, 080427,   45.2,   0.36,
0950200316, 071598, 080304,   61.1,   0.29,
0950200315, 071598, 080131,   75.6,   0.27,
0950200314, 071598, 080002,   84.8,   0.27,
0950200313, 071598, 075850,   95.7,   0.27,
0950200312, 071598, 075728,  105.4,   0.22,
0950200311, 071598, 075600,  114.9,   0.26,
0950200310, 071598, 075436,  125.4,   0.29,
0950200309, 071598, 075310,  135.6,   0.34,
0960200322, 081098, 070726,    5.3,   0.36,
0960200321, 081098, 070615,   15.1,   0.32,
0960200319, 081098, 070450,   25.8,   0.30,
0960200318, 081098, 070335,   35.5,   0.32,
0960200317, 081098, 070222,   46.1,   0.34,
0960200316, 081098, 070050,   60.6,   0.32,
0960200315, 081098, 065930,   75.1,   0.35,
0960200314, 081098, 065820,   85.3,   0.35,
0960200313, 081098, 065701,   95.2,   0.36,
0960200312, 081098, 065550,  105.6,   0.31,
0960200311, 081098, 065440,  114.7,   0.29,
0960200310, 081098, 065330,  125.4,   0.35,
0960200309, 081098, 065151,  136.3,   0.35,
0970200322, 092898, 080422,    5.0,   0.29,
0970200321, 092898, 080312,   15.8,   0.27,
0970200319, 092898, 080157,   25.9,   0.28,
0970200318, 092898, 080047,   35.8,   0.32,
0970200317, 092898, 075937,   45.7,   0.30,
0970200316, 092898, 075817,   59.8,   0.30,
0970200315, 092898, 075707,   75.0,   0.30,
0970200314, 092898, 075557,   85.8,   0.35,
0970200313, 092898, 075452,   94.8,   0.30,
0970200312, 092898, 075342,  105.5,   0.29,
0970200311, 092898, 075237,  115.5,   0.31,
0970200310, 092898, 075132,  125.7,   0.33,
0970200309, 092898, 075022,  135.3,   0.30,
0970200308, 092898, 074912,  149.9,   0.30,
0980200622, 101998, 080414,    4.8,   0.24,
0980200621, 101998, 080310,   14.9,   0.25,
0980200619, 101998, 080152,   25.4,   0.24,
0980200618, 101998, 080055,   35.0,   0.22,
0980200617, 101998, 075950,   45.1,   0.28,
0980200616, 101998, 075850,   60.1,   0.24,
0980200615, 101998, 075741,   74.8,   0.23,
0980200614, 101998, 075640,   85.8,   0.23,
0980200613, 101998, 075545,   95.4,   0.21,
0980200612, 101998, 075440,  105.2,   0.19,
0980200611, 101998, 075330,  115.0,   0.19,
0980200610, 101998, 075220,  125.7,   0.22,
0980200609, 101998, 075120,  134.9,   0.25,
0980200608, 101998, 075020,  149.9,   0.21,
0990200622, 111198, 070340,    5.5,   0.25,
0990200621, 111198, 070233,   15.6,   0.25,
0990200619, 111198, 070118,   25.7,   0.24,
0990200618, 111198, 070011,   35.6,   0.24,
0990200617, 111198, 065903,   45.7,   0.26,
0990200616, 111198, 065742,   60.4,   0.22,
0990200615, 111198, 065622,   75.7,   0.22,
0990200614, 111198, 065507,   85.6,   0.21,
0990200613, 111198, 065358,   95.5,   0.25,
0990200612, 111198, 065246,  105.3,   0.21,
0990200611, 111198, 065136,  115.5,   0.21,
0990200610, 111198, 065025,  125.5,   0.22,
0990200609, 111198, 064916,  135.4,   0.28,
1000200623, 120998, 090212,    5.9,   0.29,
1000200621, 120998, 090051,   15.7,   0.24,
1000200619, 120998, 085942,   25.7,   0.27,
1000200618, 120998, 085842,   30.2,   0.28,
1000200617, 120998, 085727,   45.8,   0.29,
1000200616, 120998, 085616,   60.0,   0.27,
1000200615, 120998, 085456,   75.6,   0.29,
1000200614, 120998, 085336,   85.6,   0.30,
1000200613, 120998, 085232,   95.8,   0.31,
1000200612, 120998, 085126,  105.6,   0.27,
1000200611, 120998, 085022,  115.0,   0.28,
1000200610, 120998, 084917,  126.3,   0.30,
1000200609, 120998, 084807,  136.7,   0.29,
1010200622, 011399, 095757,    5.2,   0.37,
1010200621, 011399, 095657,   15.0,   0.35,
1010200619, 011399, 095552,   24.9,   0.33,
1010200618, 011399, 095452,   35.8,   0.31,
1010200617, 011399, 095352,   44.9,   0.30,
1010200616, 011399, 095252,   59.5,   0.32,
1010200615, 011399, 095132,   74.6,   0.45,
1010200614, 011399, 095033,   84.8,   0.34,
1010200613, 011399, 094932,   94.9,   0.37,
1010200612, 011399, 094832,  105.4,   0.36,
1010200611, 011399, 094732,  114.4,   0.36,
1010200610, 011399, 094633,  125.6,   0.34,
1010200609, 011399, 094532,  133.6,   0.35,
1010200608, 011399, 094432,  150.0,   0.31,
1020200422, 021899, 092754,    5.1,   0.25,
1020200421, 021899, 092649,   16.1,   0.23,
1020200419, 021899, 092538,   26.1,   0.24,
1020200418, 021899, 092434,   35.2,   0.22,
1020200417, 021899, 092334,   45.5,   0.23,
1020200416, 021899, 092229,   60.9,   0.23,
1020200415, 021899, 092129,   76.1,   0.24,
1020200414, 021899, 092029,   85.9,   0.23,
1020200413, 021899, 091929,   96.7,   0.25,
1020200412, 021899, 091828,  105.6,   0.24,
1020200411, 021899, 091729,  115.9,   0.22,
1020200410, 021899, 091630,  126.0,   0.24,
1020200409, 021899, 091529,  135.5,   0.22,
1030200622, 031799, 080014,    5.3,   0.30,
1030200621, 031799, 075904,   15.7,   0.29,
1030200619, 031799, 075742,   25.7,   0.29,
1030200618, 031799, 075643,   33.8,   0.28,
1030200617, 031799, 075535,   45.4,   0.27,
1030200616, 031799, 075418,   60.7,   0.27,
1030200615, 031799, 075303,   75.3,   0.26,
1030200614, 031799, 075153,   85.8,   0.27,
1030200613, 031799, 075046,   94.1,   0.29,
1030200612, 031799, 074937,  105.5,   0.28,
1030200611, 031799, 074837,  115.1,   0.27,
1030200610, 031799, 074733,  125.6,   0.24,
1030200609, 031799, 074624,  135.8,   0.25,
1040200712, 041499, 070218,    5.3,   0.39,
1040200823, 041499, 095713,    4.7,   0.31,
1040200822, 041499, 095614,   14.9,   0.62,
1040200820, 041499, 095503,   25.1,   0.37,
1040200819, 041499, 095404,   35.4,   0.42,
1040200818, 041499, 095309,   45.3,   0.40,
1040200817, 041499, 095205,   59.0,   0.40,
1040200816, 041499, 095058,   75.1,   0.35,
1040200815, 041499, 094959,   85.0,   0.38,
1040200814, 041499, 094854,   95.4,   0.34,
1040200813, 041499, 094749,  104.2,   0.38,
1040200812, 041499, 094704,  114.2,   0.30,
1040200811, 041499, 094613,  124.0,   0.32,
1040200810, 041499, 094518,  135.6,   0.27,
1040200809, 041499, 094418,  149.4,   0.28,
1050200622, 051099, 080152,    5.3,   0.27,
1050200621, 051099, 080052,   15.1,   0.26,
1050200619, 051099, 075947,   24.6,   0.25,
1050200618, 051099, 075847,   34.9,   0.23,
1050200617, 051099, 075746,   44.8,   0.22,
1050200616, 051099, 075646,   59.7,   0.22,
1050200615, 051099, 075546,   75.7,   0.23,
1050200614, 051099, 075446,   85.8,   0.24,
1050200613, 051099, 075347,   95.3,   0.24,
1050200612, 051099, 075247,  104.6,   0.24,
1050200611, 051099, 075146,  114.7,   0.23,
1050200610, 051099, 075047,  124.9,   0.21,
1050200609, 051099, 074946,  135.2,   0.26,
1060200622, 071499, 080210,    4.3,   0.32,
1060200621, 071499, 080045,   14.6,   0.34,
1060200619, 071499, 075921,   24.7,   0.34,
1060200618, 071499, 075810,   33.8,   0.41,
1060200617, 071499, 075640,   44.4,   0.36,
1060200616, 071499, 075530,   59.4,   0.37,
1060200615, 071499, 075415,   73.9,   0.33,
1060200614, 071499, 075310,   84.0,   0.34,
1060200613, 071499, 075151,   95.0,   0.32,
1060200612, 071499, 075030,  104.6,   0.32,
1060200611, 071499, 074920,  113.8,   0.31,
1060200610, 071499, 074820,  124.2,   0.36,
1060200609, 071499, 074730,  134.3,   0.38,
1060200608, 071499, 074620,  149.5,   0.29,
1070200922, 081499, 075717,    4.6,   0.31,
1070200921, 081499, 075613,   14.0,   0.30,
1070200919, 081499, 075501,   25.0,   0.29,
1070200918, 081499, 075358,   34.6,   0.30,
1070200917, 081499, 075257,   44.4,   0.25,
1070200916, 081499, 075142,   60.0,   0.33,
1070200915, 081499, 075021,   75.0,   0.35,
1070200914, 081499, 074925,   84.2,   0.39,
1070200913, 081499, 074824,   94.7,   0.27,
1070200912, 081499, 074720,  104.7,   0.28,
1070200911, 081499, 074621,  114.6,   0.40,
1070200910, 081499, 074523,  124.5,   0.36,
1070200909, 081499, 074423,  134.6,   0.45,
1070200908, 081499, 074313,  149.7,   0.52,
1080200622, 101599, 085501,    5.0,   0.35,
1080200621, 101599, 085356,   15.1,   0.36,
1080200619, 101599, 085241,   24.6,   0.35,
1080200618, 101599, 085141,   34.9,   0.34,
1080200617, 101599, 085041,   44.2,   0.36,
1080200616, 101599, 084931,   59.4,   0.33,
1080200615, 101599, 084832,   74.1,   0.33,
1080200614, 101599, 084727,   84.5,   0.35,
1080200613, 101599, 084632,   94.5,   0.33,
1080200612, 101599, 084527,  105.3,   0.31,
1080200611, 101599, 084427,  114.5,   0.29,
1080200610, 101599, 084321,  123.8,   0.29,
1080200609, 101599, 084227,  134.2,   0.32,
1080200608, 101599, 084126,  149.7,   0.35,
1090200622, 110999, 065637,    5.3,   0.29,
1090200621, 110999, 065541,   14.9,   0.32,
1090200619, 110999, 065436,   25.3,   0.46,
1090200618, 110999, 065341,   35.0,   0.37,
1090200617, 110999, 065246,   45.1,   0.38,
1090200616, 110999, 065146,   60.1,   0.47,
1090200615, 110999, 065047,   74.9,   0.41,
1090200614, 110999, 064951,   84.4,   0.38,
1090200613, 110999, 064852,   94.5,   0.45,
1090200612, 110999, 064752,  104.1,   0.36,
1090200611, 110999, 064651,  114.5,   0.43,
1090200610, 110999, 064551,  124.4,   0.37,
1090200609, 110999, 064456,  135.0,   0.36,
1100200623, 121599, 075536,    4.6,   0.39,
1100200621, 121599, 075436,   14.9,   0.35,
1100200619, 121599, 075335,   24.3,   0.34,
1100200618, 121599, 075241,   34.5,   0.30,
1100200617, 121599, 075146,   44.8,   0.36,
1100200616, 121599, 075046,   59.6,   0.33,
1100200615, 121599, 074945,   74.5,   0.36,
1100200614, 121599, 074851,   84.3,   0.39,
1100200613, 121599, 074801,   93.8,   0.36,
1100200612, 121599, 074705,  104.6,   0.40,
1100200611, 121599, 074616,  114.3,   0.39,
1100200610, 121599, 074516,  124.8,   0.46,
1100200609, 121599, 074421,  135.3,   0.40,
1100200608, 121599, 074316,  149.6,   0.45,
1110200517, 020300, 040025,    4.2,   0.29,
1110200516, 020300, 035823,   59.0,   0.26,
1110200622, 020300, 070624,    4.4,   0.31,
1110200621, 020300, 070456,   14.3,   0.29,
1110200619, 020300, 070322,   24.6,   0.26,
1110200618, 020300, 070159,   34.7,   0.26,
1110200617, 020300, 070044,   44.7,   0.27,
1110200616, 020300, 065913,   59.7,   0.27,
1110200615, 020300, 065732,   74.7,   0.28,
1110200612, 020300, 065325,  104.5,   0.28,
1110200610, 020300, 065035,  124.3,   0.29,
1120200722, 030100, 065558,    4.5,   0.36,
1120200721, 030100, 065459,   15.3,   0.32,
1120200719, 030100, 065349,   25.1,   0.30,
1120200718, 030100, 065243,   34.3,   0.33,
1120200717, 030100, 065139,   45.7,   0.30,
1120200715, 030100, 064934,   75.6,   0.28,
1120200714, 030100, 064834,   83.3,   0.32,
1120200713, 030100, 064734,   95.3,   0.30,
1120200712, 030100, 064629,  105.5,   0.31,
1120200711, 030100, 064534,  113.8,   0.35,
1120200710, 030100, 064434,  124.0,   0.34,
1120200709, 030100, 064334,  135.0,   0.29,
1120200708, 030100, 064234,  148.6,   0.35,
1130200522, 032900, 045650,    4.2,   0.27,
1130200521, 032900, 045400,  100.2,   0.21,
1130200622, 032900, 075439,    4.6,   0.28,
1130200621, 032900, 075340,   14.3,   0.26,
1130200619, 032900, 075231,   23.5,   0.25,
1130200618, 032900, 075130,   33.8,   0.26,
1130200617, 032900, 075031,   44.7,   0.28,
1130200616, 032900, 074929,   59.7,   0.28,
1130200615, 032900, 074821,   74.2,   0.21,
1130200614, 032900, 074723,   84.3,   0.25,
1130200613, 032900, 074625,   93.5,   0.24,
1130200611, 032900, 074423,  115.1,   0.23,
1130200610, 032900, 074321,  125.2,   0.25,
1130200609, 032900, 074223,  134.0,   0.24,
1130200608, 032900, 074121,  149.3,   0.29,
1140200622, 042600, 075937,    4.9,   0.31,
1140200621, 042600, 075829,   14.9,   0.29,
1140200619, 042600, 075709,   25.0,   0.25,
1140200617, 042600, 075502,   44.7,   0.36,
1140200616, 042600, 075347,   60.7,   0.29,
1140200615, 042600, 075153,   75.0,   0.28,
1140200614, 042600, 075049,   83.9,   0.27,
1140200613, 042600, 074944,   94.8,   0.28,
1140200612, 042600, 074843,  104.0,   0.31,
1140200611, 042600, 074739,  114.2,   0.34,
1140200610, 042600, 074633,  124.6,   0.27,
1140200609, 042600, 074532,  134.7,   0.27,
1140200608, 042600, 074423,  149.3,   0.29,
1150200624, 052400, 075836,    4.9,   0.39,
1150200619, 052400, 075449,   35.0,   0.38,
1150200617, 052400, 075335,   45.3,   0.36,
1150200616, 052400, 075224,   59.8,   0.33,
1150200615, 052400, 075120,   74.1,   0.35,
1150200614, 052400, 075018,   84.9,   0.30,
1150200613, 052400, 074918,   94.8,   0.40,
1150200612, 052400, 074814,  104.2,   0.38,
1150200611, 052400, 074713,  114.0,   0.39,
1150200610, 052400, 074605,  124.2,   0.46,
1150200609, 052400, 074506,  134.3,   0.49,
1160200722, 062100, 080017,    4.6,   0.32,
1160200721, 062100, 075852,   14.4,   0.29,
1160200719, 062100, 075731,   24.7,   0.30,
1160200718, 062100, 075628,   34.3,   0.30,
1160200717, 062100, 075526,   44.4,   0.34,
1160200715, 062100, 075255,   74.8,   0.25,
1160200714, 062100, 075137,   84.8,   0.30,
1160200713, 062100, 075032,   94.4,   0.29,
1160200712, 062100, 074927,  104.1,   0.28,
1160200711, 062100, 074822,  115.0,   0.27,
1160200710, 062100, 074717,  124.9,   0.27,
1160200709, 062100, 074612,  134.4,   0.23,
1160200708, 062100, 074507,  149.8,   0.35,
1170200522, 072600, 080738,    4.5,   0.22,
1170200521, 072600, 080604,   14.4,   0.26,
1170200519, 072600, 080434,   23.4,   0.24,
1170200518, 072600, 080320,   34.3,   0.22,
1170200517, 072600, 080206,   45.0,   0.24,
1170200516, 072600, 080040,   59.1,   0.25,
1170200515, 072600, 075924,   75.1,   0.23,
1170200514, 072600, 075804,   85.3,   0.25,
1170200513, 072600, 075650,   94.7,   0.26,
1170200512, 072600, 075532,  106.0,   0.25,
1170200511, 072600, 075242,  114.1,   0.25,
1170200510, 072600, 075132,  124.4,   0.25,
1170200509, 072600, 075024,  134.0,   0.25,
1180200617, 082300, 041450,    5.1,   0.30,
1180200616, 082300, 041157,   91.4,   0.28,
1180200722, 082300, 065625,    5.0,   0.26,
1180200721, 082300, 065521,   15.2,   0.25,
1180200719, 082300, 065409,   24.9,   0.27,
1180200718, 082300, 065312,   34.7,   0.25,
1180200717, 082300, 065214,   44.9,   0.32,
1180200716, 082300, 065114,   60.0,   0.43,
1180200715, 082300, 065010,   73.9,   0.32,
1180200714, 082300, 064905,   85.1,   0.30,
1180200713, 082300, 064758,   94.7,   0.28,
1180200712, 082300, 064652,  105.3,   0.25,
1180200711, 082300, 064548,  114.8,   0.30,
1180200710, 082300, 064447,  126.0,   0.31,
1180200709, 082300, 064347,  134.9,   0.30,
1180200708, 082300, 064238,  149.0,   0.31,
1190200720, 101800, 100516,    4.9,   0.31,
1190200717, 101800, 100235,   24.9,   0.30,
1190200715, 101800, 100010,   44.7,   0.28,
1190200713, 101800, 095723,   75.0,   0.26,
1190200711, 101800, 095449,   99.7,   0.23,
1190200709, 101800, 095203,  126.0,   0.25,
1200200622, 113000, 065955,    4.6,   0.31,
1200200620, 113000, 065832,   14.8,   0.31,
1200200619, 113000, 065718,   25.2,   0.29,
1200200617, 113000, 065551,   35.0,   0.32,
1200200616, 113000, 065443,   44.8,   0.31,
1200200615, 113000, 065329,   60.1,   0.31,
1200200614, 113000, 065213,   74.5,   0.28,
1200200612, 113000, 064949,   99.6,   0.26,
1200200610, 113000, 064717,  125.1,   0.29,
1210200818, 122000, 095546,    4.6,   0.36,
1210200817, 122000, 095443,   15.1,   0.38,
1210200815, 122000, 095324,   23.9,   0.39,
1210200814, 122000, 095219,   34.5,   0.40,
1210200813, 122000, 095118,   45.3,   0.35,
1210200812, 122000, 095013,   58.9,   0.32,
1210200811, 122000, 094904,   72.8,   0.37,
1210200809, 122000, 094637,   99.3,   0.25,
1210200807, 122000, 094412,  122.2,   0.26,
1220200618, 011701, 064943,    4.2,   0.32,
1220200617, 011701, 064842,   13.6,   0.33,
1220200615, 011701, 064734,   23.3,   0.34,
1220200614, 011701, 064641,   33.7,   0.34,
1220200613, 011701, 064552,   43.2,   0.40,
1220200612, 011701, 064456,   58.1,   0.34,
1220200611, 011701, 064400,   74.1,   0.36,
1220200609, 011701, 064212,   98.4,   0.30,
1220200607, 011701, 064020,  124.1,   0.31,
1220200606, 011701, 063909,  148.5,   0.24,
1230200319, 021501, 031618,    4.2,   0.30,
1230200318, 021501, 031510,   13.9,   0.28,
1230200316, 021501, 031356,   25.0,   0.28,
1230200315, 021501, 031300,   33.8,   0.26,
1230200314, 021501, 031205,   43.9,   0.27,
1230200313, 021501, 031110,   59.5,   0.28,
1230200312, 021501, 031005,   73.8,   0.28,
1230200310, 021501, 030705,   99.1,   0.28,
1230200308, 021501, 030440,  123.2,   0.33,