Hawaii Ocean Time-series : 08-Sep-2023 01:30:10
https://hahana.soest.hawaii.edu/hot/hot-dogs/bextraction.html

botid, date, time, press, chl3, 
#, mmddyy, hhmmss, dbar, ng/l, 
0020201007, 120388, 044507,   73.0,   2.0,
0020201006, 120388, 044413,   98.2,   4.0,
0040200608, 022889, 151314,    5.8,   6.0,
0040200607, 022889, 151025,   22.1,   3.0,
0040200606, 022889, 150904,   41.8,   7.0,
0040200605, 022889, 150732,   71.8,   6.0,
0040200604, 022889, 150544,   99.6,   9.0,
0040200603, 022889, 150425,  123.2,   6.0,
0040200602, 022889, 150248,  151.1,   3.0,
0040200601, 022889, 150127,  177.4,   1.0,
0050201612, 032989, 013558,   40.8,   6.0,
0050201611, 032989, 013329,   71.7,   8.0,
0050201610, 032989, 013210,   81.6,   8.0,
0050201609, 032989, 013033,   92.5,   8.0,
0050201608, 032989, 012906,  101.9,  10.0,
0050201607, 032989, 012749,  111.7,  14.0,
0050201606, 032989, 012623,  121.6,  27.0,
0050201605, 032989, 012510,  127.4,  16.0,
0050201604, 032989, 012401,  133.7,  14.0,
0050201603, 032989, 012213,  143.6,   9.0,
0050201602, 032989, 012040,  152.5,   8.0,
0060201812, 052089, 080700,   37.7,   2.0,
0060201811, 052089, 080520,   67.7,   3.0,
0060201810, 052089, 080417,   77.3,   3.0,
0060201809, 052089, 080306,   87.5,   4.0,
0060201808, 052089, 080153,   97.4,  41.0,
0060201807, 052089, 080037,  107.4,  28.0,
0060201806, 052089, 075934,  112.4,  25.0,
0060201805, 052089, 075811,  118.2,  22.0,
0060201804, 052089, 075639,  128.3,  17.0,
0060201803, 052089, 075448,  149.0,   6.0,
0060201802, 052089, 075238,  175.1,   1.0,
0080201812, 073189, 075904,    5.5,   5.0,
0080201811, 073189, 075612,   26.8,   5.0,
0080201810, 073189, 075424,   46.7,   9.0,
0080201809, 073189, 075155,   77.8,   9.0,
0080201808, 073189, 075028,   93.4,   9.0,
0080201807, 073189, 074912,  102.9,  17.0,
0080201806, 073189, 074718,  112.5,  14.0,
0080201805, 073189, 074544,  128.5,  11.0,
0080201804, 073189, 074333,  139.5,   9.0,
0080201803, 073189, 074200,  155.2,   5.0,
0080201802, 073189, 074031,  180.5,   2.0,
0090201712, 082589, 103716,    4.7,   1.0,
0090201711, 082589, 103519,   26.3,   2.0,
0090201710, 082589, 103403,   46.2,   6.0,
0090201709, 082589, 103235,   77.2,  11.0,
0090201708, 082589, 103132,   92.0,  12.0,
0090201707, 082589, 103017,  103.0,  17.0,
0090201706, 082589, 102922,  112.9,  13.0,
0090201705, 082589, 102800,  128.8,  13.0,
0090201704, 082589, 102656,  139.9,   9.0,
0090201703, 082589, 102545,  154.7,   6.0,
0090201702, 082589, 102408,  181.6,   3.0,
0100201723, -00009, -00009,    5.3,   1.0,
0100201721, -00009, -00009,   26.1,   1.0,
0100201719, -00009, -00009,   46.9,   2.0,
0100201717, -00009, -00009,   78.7,   8.0,
0100201715, -00009, -00009,   93.5,  14.0,
0100201713, -00009, -00009,  103.4,   8.0,
0100201820, -00009, -00009,  105.4,   8.0,
0100201817, -00009, -00009,  120.2,   8.0,
0100201814, 092489, 113735,  130.6,   7.0,
0100201811, 092489, 113123,  147.3,   2.0,
0100201808, 092489, 112534,  174.8,   1.0,
0110201217, 101989, 091247,   75.3,   3.0,
0110201216, 101989, 091139,   90.6,  10.0,
0110201214, 101989, 091021,  101.3,  13.0,
0110201212, 101989, 090906,  112.3,   9.0,
0110201210, 101989, 090742,  126.5,   5.0,
0110201208, 101989, 090625,  136.8,   2.0,
0110201206, 101989, 090453,  153.9,   1.0,
0110201204, 101989, 090311,  178.8,   1.0,
0120200118, 112889, 013100,    4.4,   1.0,
0120200115, 112889, 012752,   23.4,   2.0,
0120200112, 112889, 012445,   44.4,   2.0,
0120200108, 112889, 011928,   75.6,  14.0,
0120200105, 112889, 011539,  104.9,  10.0,
0120200103, 112889, 011323,  129.1,   5.0,
0120200102, 112889, 011149,  154.9,   2.0,
0120200101, 112889, 010946,  184.2,   2.0,
0140201623, -00009, -00009,   50.0,   4.0,
0140201622, -00009, -00009,   64.4,   8.0,
0140201620, -00009, -00009,   90.6,  29.0,
0140201610, 021790, 083122,  100.8,  26.0,
0140201609, 021790, 082834,  111.6,  23.0,
0140201608, 021790, 082730,  121.6,  20.0,
0140201607, 021790, 082643,  136.6,  14.0,
0140201606, 021790, 082544,  151.3,  12.0,
0140201605, 021790, 082446,  176.9,   1.0,
0150201308, 032090, 111202,    5.7,   5.0,
0150201307, 032090, 111054,   25.5,   3.0,
0150201306, 032090, 110939,   45.4,   4.0,
0150201305, 032090, 110819,   75.3,   6.0,
0150201304, 032090, 110704,   99.9,   6.0,
0150201303, 032090, 110538,  123.8,  18.0,
0150201302, 032090, 110412,  149.2,   9.0,
0150201301, 032090, 110240,  174.4,   7.0,
0160201514, 041490, 085840,    5.3,   2.0,
0160201513, 041490, 085752,   10.6,   3.0,
0160201512, 041490, 085707,   15.4,   4.0,
0160201511, 041490, 085559,   25.8,   2.0,
0160201510, 041490, 085438,   46.1,   4.0,
0160201509, 041490, 085313,   76.7,  12.0,
0160201508, 041490, 085151,  100.8,  10.0,
0160201507, 041490, 085026,  125.7,  10.0,
0160201506, 041490, 084843,  152.3,  14.0,
0160201505, 041490, 084733,  168.5,  12.0,
0160201504, 041490, 084629,  178.6,  16.0,
0160201502, 041490, 084325,  194.2,  18.0,
0170201416, 051090, 073340,    6.5,   2.0,
0170201414, 051090, 073145,   47.4,   1.0,
0170201413, 051090, 073041,   77.2,   4.0,
0170201412, 051090, 072946,   91.9,   6.0,
0170201411, 051090, 072900,  102.1,  17.0,
0170201410, 051090, 072810,  112.2,  26.0,
0170201408, 051090, 072623,  135.2,  22.0,
0170201407, 051090, 072449,  145.3,  17.0,
0170201406, 051090, 072358,  155.2,  17.0,
0170201405, 051090, 072245,  179.9,   6.0,
0180201418, 061490, 111354,    7.0,   2.0,
0180201417, 061490, 111239,   27.2,   2.0,
0180201414, 061490, 111022,   47.3,   5.0,
0180201413, 061490, 110854,   78.1,   6.0,
0180201412, 061490, 110745,   93.2,   7.0,
0180201411, 061490, 110652,  102.6,  24.0,
0180201410, 061490, 110550,  113.8,  20.0,
0180201409, 061490, 110454,  124.1,  16.0,
0180201408, 061490, 110353,  133.7,  11.0,
0180201407, 061490, 110258,  142.7,   7.0,
0180201406, 061490, 110156,  156.5,   4.0,
0180201405, 061490, 110033,  182.0,   2.0,
0190201410, 072690, 110809,    7.2,   3.0,
0190201409, 072690, 110647,   27.8,   4.0,
0190201408, 072690, 110535,   48.2,   5.0,
0190201407, 072690, 110407,   78.4,   8.0,
0190201406, 072690, 110145,  103.7,  14.0,
0190201405, 072690, 110006,  129.3,   9.0,
0190201404, 072690, 105804,  156.6,   7.0,
0190201403, 072690, 105602,  182.3,   4.0,
0220201223, 121990, 164049,    7.1,   4.0,
0220201222, 121990, 163952,   26.9,   4.0,
0220201221, 121990, 163903,   46.3,   3.0,
0220201220, 121990, 163758,   77.1,   3.0,
0220201219, 121990, 163657,  102.3,   9.0,
0220201215, 121990, 163400,  123.1,  18.0,
0220201209, 121990, 163001,  152.3,   6.0,
0220201205, 121990, 162637,  183.3,   1.0,
0230200515, 020391, 155405,    6.7,   4.0,
0230200514, 020391, 155301,   26.5,   2.0,
0230200513, 020391, 155201,   46.6,   4.0,
0230200512, 020391, 155029,   79.6,   7.0,
0230200511, 020391, 154920,  104.2,  15.0,
0230200510, 020391, 154811,  113.5,  19.0,
0230200509, 020391, 154715,  119.5,  19.0,
0230200507, 020391, 154559,  130.5,  15.0,
0230200506, 020391, 154342,  162.4,   7.0,
0240200723, 030891, 224749,    4.5,   2.0,
0240200722, 030891, 224618,   31.1,   6.0,
0240200721, 030891, 224450,   49.6,   6.0,
0240200720, 030891, 224313,   72.9,  18.0,
0240200719, 030891, 224152,  101.7,  14.0,
0240200717, 030891, 223903,  124.6,  19.0,
0240200716, 030891, 223721,  139.5,   8.0,
0240200713, 030891, 223322,  156.0,   3.0,
0240200712, 030891, 223201,  179.9,   2.0,
0250201317, 041191, 094900,    8.2,   4.0,
0250201316, 041191, 094719,   27.7,   6.0,
0250201315, 041191, 094611,   46.9,   9.0,
0250201314, 041191, 094443,   76.9,   4.0,
0250201312, 041191, 094302,   92.1,   8.0,
0250201311, 041191, 094209,  102.2,   9.0,
0250201308, 041191, 094043,  107.2,  16.0,
0250201307, 041191, 093956,  117.0,  19.0,
0250201306, 041191, 093800,  131.4,  14.0,
0250201305, 041191, 093707,  140.5,  11.0,
0250201304, 041191, 093601,  155.7,   5.0,
0250201303, 041191, 093443,  181.0,   2.0,
0260200722, 050991, 122528,   25.4,   2.0,
0260200721, 050991, 122420,   47.7,   3.0,
0260200720, 050991, 122246,   80.5,   4.0,
0260200719, 050991, 122028,  104.5,   8.0,
0260200718, 050991, 121830,  113.5,   7.0,
0260200716, 050991, 121705,  125.7,   3.0,
0260200714, 050991, 121527,  134.9,  11.0,
0260200713, 050991, 121435,  138.9,  14.0,
0260200712, 050991, 121344,  140.6,  20.0,
0260200709, 050991, 121247,  140.8,  21.0,
0260200708, 050991, 121058,  143.0,  20.0,
0260200707, 050991, 120937,  152.2,  20.0,
0260200703, 050991, 120355,  179.9,  10.0,
0260200923, 050991, 213430,    6.7,   4.0,
0260200922, 050991, 213332,   21.1,   5.0,
0260200921, 050991, 213246,   27.1,   5.0,
0260200920, 050991, 213157,   31.7,   3.0,
0260200919, 050991, 213105,   36.2,   5.0,
0260200918, 050991, 213000,   40.8,   8.0,
0260200917, 050991, 212810,   47.8,   3.0,
0260200916, 050991, 212702,   52.8,   5.0,
0260200915, 050991, 212516,   57.6,   5.0,
0260200913, 050991, 212253,   73.6,   5.0,
0260200912, 050991, 212154,   79.4,   9.0,
0260200911, 050991, 212041,   94.5,  13.0,
0260200910, 050991, 211946,  104.4,   8.0,
0280200617, 071091, 105929,    8.8,   4.0,
0280200616, 071091, 105829,   28.1,   3.0,
0280200615, 071091, 105727,   50.0,   4.0,
0280200614, 071091, 105630,   77.5,   6.0,
0280200613, 071091, 105544,   98.0,   9.0,
0280200612, 071091, 105447,  110.0,   7.0,
0280200611, 071091, 105335,  120.2,  11.0,
0280200607, 071091, 105202,  130.9,   7.0,
0280200606, 071091, 105100,  139.0,   6.0,
0280200605, 071091, 104952,  154.7,   4.0,
0280200604, 071091, 104951,  181.7,   2.0,
0280201623, 071291, 064107,   24.0,   7.0,
0280201622, 071291, 064041,   23.9,   6.0,
0280201617, 071291, 063652,   75.7,  17.0,
0280201614, 071291, 063435,  100.1,  13.0,
0280201613, 071291, 063411,  100.7,  13.0,
0280201611, 071291, 063235,  119.7,  22.0,
0280201610, 071291, 063209,  120.1,  16.0,
0280201607, 071291, 062937,  155.8,   3.0,
0280201606, 071291, 062902,  155.4,   4.0,
0290201214, 081191, 072934,    5.8,   3.0,
0290201212, 081191, 072739,   49.4,   3.0,
0290201211, 081191, 072633,   77.2,   4.0,
0290201210, 081191, 072533,  101.8,   7.0,
0290201209, 081191, 072446,  111.8,  16.0,
0290201208, 081191, 072405,  117.0,  27.0,
0290201206, 081191, 072219,  131.2,  18.0,
0290201205, 081191, 072107,  155.1,  15.0,
0290201204, 081191, 071952,  184.1,   6.0,
0300201515, 091991, 095901,   13.5,   5.0,
0300201512, 091991, 095716,   33.1,   2.0,
0300201511, 091991, 095701,   32.8,   5.0,
0300201510, 091991, 095600,   52.2,   6.0,
0300201509, 091991, 095443,   81.6,  11.0,
0300201508, 091991, 095327,  107.2,  14.0,
0300201507, 091991, 095310,  107.3,  11.0,
0300201506, 091991, 095151,  132.5,   6.0,
0300201503, 091991, 094710,  186.2,   6.0,
0320201820, 120891, 071943,    5.5,   4.0,
0320201819, 120891, 071821,   24.8,   4.0,
0320201818, 120891, 071757,   24.8,   4.0,
0320201817, 120891, 071655,   45.1,   3.0,
0320201816, 120891, 071525,   75.0,   3.0,
0320201815, 120891, 071431,   90.9,   7.0,
0320201814, 120891, 071244,  100.8,  12.0,
0320201813, 120891, 071224,  101.1,  12.0,
0320201812, 120891, 071140,  111.2,   9.0,
0320201811, 120891, 071044,  126.2,  18.0,
0320201810, 120891, 070857,  152.7,   6.0,
0320201809, 120891, 070621,  171.4,   1.0,
0330201517, -00009, -00009,    7.0,   5.0,
0330201516, -00009, -00009,   26.3,   4.0,
0330201515, -00009, -00009,   26.3,   3.0,
0330201514, -00009, -00009,   45.6,   4.0,
0330201513, -00009, -00009,   76.3,  15.0,
0330201512, -00009, -00009,   81.5,  19.0,
0330201511, -00009, -00009,   86.4,  22.0,
0330201510, -00009, -00009,   91.4,  20.0,
0330201509, -00009, -00009,   96.5,  19.0,
0330201508, -00009, -00009,  101.5,  15.0,
0330201507, -00009, -00009,  101.3,  13.0,
0330201505, -00009, -00009,  126.4,  10.0,
0330201504, -00009, -00009,  152.7,   7.0,
0340201822, 021692, 085557,    7.3,   3.0,
0340201820, 021692, 085359,   27.6,   6.0,
0340201819, 021692, 085255,   47.6,   6.0,
0340201818, 021692, 085148,   77.7,  10.0,
0340201817, 021692, 085113,   82.9,  12.0,
0340201816, 021692, 085027,   88.6,  15.0,
0340201815, 021692, 084938,   93.5,  18.0,
0340201814, 021692, 084842,   98.6,  18.0,
0340201813, 021692, 084755,  103.3,  14.0,
0340201810, 021692, 084551,  126.8,   8.0,
0340201808, 021692, 084408,  146.9,   3.0,
0340201807, 021692, 084208,  175.1,   2.0,
0350200818, -00009, -00009,   13.8,   4.0,
0350200817, -00009, -00009,   26.4,   6.0,
0350200816, -00009, -00009,   46.6,   9.0,
0350200815, -00009, -00009,   79.1,   4.0,
0350200814, -00009, -00009,   91.3,   8.0,
0350200813, -00009, -00009,  100.6,   9.0,
0350200812, -00009, -00009,  105.7,  16.0,
0350200811, -00009, -00009,  110.5,  19.0,
0350200810, -00009, -00009,  115.4,  16.0,
0350200808, -00009, -00009,  131.9,  11.0,
0350200807, -00009, -00009,  142.5,   5.0,
0350200806, -00009, -00009,  177.4,   2.0,
0360201423, -00009, -00009,    7.3,   4.0,
0360201422, -00009, -00009,   28.1,   2.0,
0360201421, -00009, -00009,   48.1,   3.0,
0360201420, -00009, -00009,   78.6,   4.0,
0360201419, -00009, -00009,  104.4,   8.0,
0360201418, -00009, -00009,  114.5,  14.0,
0360201417, -00009, -00009,  124.5,  21.0,
0360201416, -00009, -00009,  129.3,  19.0,
0360201415, -00009, -00009,  134.4,  17.0,
0360201413, -00009, -00009,  144.4,  13.0,
0360201412, -00009, -00009,  154.3,   8.0,
0360201411, -00009, -00009,  168.6,   5.0,
0360201410, -00009, -00009,  178.7,   3.0,
0380201619, 070692, 132331,    9.6,   4.0,
0380201618, 070692, 132226,   29.3,   4.0,
0380201617, 070692, 132136,   47.5,   4.0,
0380201616, 070692, 132037,   78.4,   7.0,
0380201615, 070692, 131955,   88.6,   8.0,
0380201614, 070692, 131905,   98.8,   7.0,
0380201613, 070692, 131821,  109.0,   9.0,
0380201612, 070692, 131741,  114.1,  11.0,
0380201611, 070692, 131702,  119.0,   9.0,
0380201610, 070692, 131623,  124.8,   7.0,
0380201609, 070692, 131540,  134.9,   6.0,
0380201608, 070692, 131444,  154.6,   4.0,
0380201607, 070692, 131332,  179.0,   2.0,
0390200517, 080592, 073823,    9.8,   3.0,
0390200516, 080592, 073723,   29.9,   4.0,
0390200515, 080592, 073709,   29.7,   4.0,
0390200514, 080592, 073611,   49.0,   3.0,
0390200513, 080592, 073516,   64.5,   4.0,
0390200512, 080592, 073413,   79.7,   4.0,
0390200511, 080592, 073326,   88.8,   6.0,
0390200510, 080592, 073231,  104.4,   9.0,
0390200509, 080592, 073124,  119.7,  12.0,
0390200508, 080592, 073032,  128.6,  19.0,
0390200507, 080592, 072935,  141.0,  16.0,
0390200506, 080592, 072818,  158.6,  14.0,
0390200505, 080592, 072657,  177.3,   5.0,
0400201516, -00009, -00009,    5.4,   4.0,
0400201515, -00009, -00009,   25.3,   6.0,
0400201514, -00009, -00009,   44.9,   8.0,
0400201513, -00009, -00009,   60.1,   9.0,
0400201512, -00009, -00009,   74.1,  12.0,
0400201511, -00009, -00009,   89.3,  14.0,
0400201510, -00009, -00009,   99.6,  17.0,
0400201509, -00009, -00009,  109.5,  12.0,
0400201508, -00009, -00009,  124.7,   5.0,
0400201507, -00009, -00009,  134.7,   3.0,
0410201518, -00009, -00009,    5.8,   5.0,
0410201517, -00009, -00009,   24.7,   4.0,
0410201516, -00009, -00009,   44.4,   5.0,
0410201515, -00009, -00009,   75.5,   7.0,
0410201514, -00009, -00009,   90.7,   9.0,
0410201513, -00009, -00009,   95.7,  12.0,
0410201512, -00009, -00009,  100.8,  16.0,
0410201511, -00009, -00009,  105.8,  18.0,
0410201510, -00009, -00009,  115.7,  12.0,
0410201509, -00009, -00009,  125.9,   5.0,
0410201508, -00009, -00009,  151.8,   2.0,
0420200512, -00009, -00009,    5.0,   3.0,
0420200511, -00009, -00009,   25.0,   2.0,
0420200510, -00009, -00009,   60.0,   2.0,
0420200509, -00009, -00009,   80.0,   3.0,
0420200508, -00009, -00009,   90.0,   6.0,
0420200507, -00009, -00009,  100.0,   8.0,
0420200506, -00009, -00009,  110.0,  19.0,
0420200505, -00009, -00009,  125.0,  13.0,
0420200504, -00009, -00009,  150.0,   8.0,
0430200212, -00009, -00009,    5.0,   1.0,
0430200211, -00009, -00009,   25.0,   2.0,
0430200210, -00009, -00009,   45.0,   5.0,
0430200209, -00009, -00009,   75.0,  10.0,
0430200208, -00009, -00009,   90.0,   7.0,
0430200207, -00009, -00009,  100.0,   9.0,
0430200206, -00009, -00009,  110.0,  13.0,
0430200205, -00009, -00009,  120.0,   6.0,
0430200204, -00009, -00009,  130.0,  10.0,
0430200203, -00009, -00009,  140.0,   5.0,
0430200202, -00009, -00009,  150.0,   4.0,
0440201312, 012193, 114728,    5.2,   3.0,
0440201311, 012193, 114612,   24.7,   2.0,
0440201310, 012193, 114512,   43.4,   5.0,
0440201308, 012193, 114258,   90.0,   3.0,
0440201306, 012193, 114106,  113.4,   7.0,
0440201305, 012193, 114002,  124.5,   4.0,
0440201304, 012193, 113843,  150.9,   1.0,
0450201521, -00009, -00009,    5.8,   2.0,
0450201518, -00009, -00009,   64.9,  10.0,
0450201517, -00009, -00009,   71.0,   9.0,
0450201516, 021893, 094807,   75.5,  17.0,
0450201515, 021893, 094627,   85.2,  17.0,
0450201514, 021893, 094501,   95.2,  11.0,
0450201513, 021893, 094357,  105.2,  10.0,
0450201512, 021893, 094300,  125.2,   5.0,
0450201511, 021893, 094205,  150.9,   4.0,
0460200924, 041593, 074146,    5.8,   3.0,
0460200923, 041593, 073917,   23.7,   2.0,
0460200922, 041593, 073706,   43.8,   2.0,
0460200921, 041593, 073446,   74.2,   3.0,
0460200920, 041593, 073259,   89.6,   8.0,
0460200919, 041593, 073056,  100.2,   8.0,
0460200918, 041593, 072907,  103.7,   9.0,
0460200917, 041593, 072714,  109.2,   9.0,
0460200916, 041593, 072534,  114.1,   8.0,
0460200911, 041593, 071518,  119.5,  15.0,
0460200910, 041593, 071311,  124.6,  24.0,
0460200909, 041593, 071047,  135.1,  23.0,
0460200908, 041593, 070838,  149.8,  14.0,
0460200903, 041593, 065936,  173.1,   6.0,
0470200324, 052093, 075149,    6.7,   2.0,
0470200323, 052093, 075043,   24.5,   1.0,
0470200322, 052093, 074926,   45.1,   1.0,
0470200321, 052093, 074754,   75.7,   3.0,
0470200320, 052093, 074629,  100.7,   4.0,
0470200319, 052093, 074528,  109.4,   6.0,
0470200318, 052093, 074420,  119.2,   6.0,
0470200317, 052093, 074250,  128.8,   9.0,
0470200316, 052093, 074152,  135.1,  11.0,
0470200311, 052093, 073917,  140.2,  13.0,
0470200310, 052093, 073817,  144.1,   9.0,
0470200309, 052093, 073646,  160.8,   6.0,
0470200308, 052093, 073515,  174.7,   2.0,
0490201720, 091593, 100413,   25.3,   3.0,
0490201715, 091593, 095910,   75.9,   8.0,
0490201714, 091593, 095653,  100.7,   5.0,
0490201713, 091593, 095515,  115.9,  11.0,
0490201712, 091593, 095338,  120.7,  17.0,
0490201711, 091593, 095228,  125.9,   5.0,
0490201710, 091593, 095104,  130.1,   8.0,
0490201709, 091593, 094929,  139.9,  11.0,
0490201708, 091593, 094803,  149.8,   5.0,
0490201707, 091593, 094744,  150.1,   7.0,
0490201705, 091593, 094534,  175.4,   3.0,
0500201419, 103093, 092427,    5.7,   3.0,
0500201417, 103093, 092106,   47.4,   3.0,
0500201416, 103093, 091942,   61.8,   4.0,
0500201415, 103093, 091825,   74.4,   6.0,
0500201414, 103093, 091652,   90.0,   6.0,
0500201413, 103093, 091531,  100.4,  11.0,
0500201412, 103093, 091413,  110.8,  12.0,
0500201411, 103093, 091254,  115.6,  14.0,
0500201410, 103093, 091128,  119.7,   9.0,
0500201409, 103093, 091009,  125.6,   7.0,
0500201408, 103093, 090837,  137.1,   5.0,
0500201407, 103093, 090700,  151.7,   1.0,
2790201421, 121015, 071312,    5.4,   0.0,
2790201419, 121015, 071127,   26.0,   0.0,
2790201417, 121015, 070943,   46.6,   0.0,
2790201416, 121015, 070831,   59.3,   0.0,
2790201414, 121015, 070700,   76.0,   0.0,
2790201413, 121015, 070552,   86.6,   0.0,
2790201411, 121015, 070427,  101.7,   0.0,
2790201410, 121015, 070307,  113.7,   0.0,
2790201408, 121015, 070155,  125.1,   0.0,
2790201407, 121015, 070045,  136.1,   0.0,
2790201405, 121015, 065918,  149.9,   0.0,
2790201403, 121015, 065747,  175.9,   0.0,
2800201419, 011416, 071408,   26.0,   0.0,
2800201417, 011416, 071151,   45.5,   0.0,
2800201416, 011416, 070955,   61.1,   0.0,
2800201414, 011416, 070755,   75.9,   9.0,
2800201413, 011416, 070603,   85.7,   8.0,
2800201411, 011416, 070348,  100.1,  20.0,
2800201410, 011416, 070143,  115.0,  11.0,
2800201408, 011416, 065943,  125.9,  10.0,
2800201407, 011416, 065808,  136.1,   7.0,
2800201405, 011416, 065603,  150.9,   4.0,
2800201403, 011416, 065326,  175.4,   0.0,
2810201423, 021116, 071027,    7.3,   0.0,
2810201420, 021116, 070756,   27.5,   0.0,
2810201418, 021116, 070608,   46.1,   0.0,
2810201417, 021116, 070508,   58.6,   0.0,
2810201415, 021116, 070347,   73.8,   0.0,
2810201414, 021116, 070254,   85.0,   3.0,
2810201412, 021116, 070112,  100.9,   3.0,
2810201411, 021116, 070002,  115.8,  12.0,
2810201410, 021116, 065917,  118.9,  11.0,
2810201408, 021116, 065816,  124.9,  10.0,
2810201407, 021116, 065726,  134.8,   9.0,
2810201405, 021116, 065616,  149.3,   3.0,
2810201403, 021116, 065447,  174.1,   2.0,
2820201322, 031016, 090309,    7.1,   0.0,
2820201319, 031016, 090119,   24.8,   0.0,
2820201317, 031016, 085939,   46.8,   0.0,
2820201316, 031016, 085809,   60.4,   0.0,
2820201314, 031016, 085649,   75.2,   0.0,
2820201313, 031016, 085544,   84.3,   0.0,
2820201311, 031016, 085420,   99.4,   3.0,
2820201310, 031016, 085259,  114.9,   6.0,
2820201308, 031016, 085144,  125.6,   5.0,
2820201307, 031016, 085046,  134.5,  12.0,
2820201305, 031016, 084920,  149.4,   2.0,
2820201303, 031016, 084750,  176.9,   0.0,
2830201422, 041616, 072234,    4.4,   0.0,
2830201418, 041616, 071802,   44.1,   3.0,
2830201416, 041616, 071527,   60.4,   4.0,
2830201414, 041616, 071312,   75.1,   0.0,
2830201413, 041616, 071115,   84.8,   5.0,
2830201412, 041616, 070934,   99.1,  11.0,
2830201410, 041616, 070738,  114.1,   9.0,
2830201408, 041616, 070606,  124.5,   3.0,
2830201407, 041616, 070408,  134.3,  10.0,
2830201405, 041616, 070208,  151.9,  10.0,
2830201403, 041616, 065944,  175.5,   4.0,
2840200523, 052916, 114836,    5.2,   2.0,
2840200521, 052916, 114651,   25.2,   2.0,
2840200519, 052916, 114516,   45.8,   0.0,
2840200518, 052916, 114356,   59.4,   2.0,
2840200516, 052916, 114226,   75.1,   0.0,
2840200515, 052916, 114121,   85.5,   8.0,
2840200513, 052916, 113956,  100.3,  13.0,
2840200512, 052916, 113836,  115.3,  29.0,
2840200510, 052916, 113731,  125.6,  25.0,
2840200509, 052916, 113626,  135.3,  17.0,
2840200506, 052916, 113456,  149.8,   8.0,
2840200503, 052916, 113306,  175.4,   2.0,
2850201421, 071316, 065402,    5.2,   1.0,
2850201419, 071316, 065242,   24.7,   0.0,
2850201417, 071316, 065112,   44.8,   2.0,
2850201416, 071316, 065012,   59.7,   3.0,
2850201414, 071316, 064905,   75.1,   4.0,
2850201413, 071316, 064813,   85.4,   5.0,
2850201411, 071316, 064713,  100.0,   9.0,
2850201410, 071316, 064613,  114.9,  18.0,
2850201408, 071316, 064513,  124.9,  34.0,
2850201405, 071316, 064312,  150.7,   0.0,
2850201403, 071316, 064153,  175.3,   7.0,
2860201321, 081116, 065628,    5.7,   2.0,
2860201319, 081116, 065508,   25.5,   1.0,
2860201317, 081116, 065347,   45.9,   5.0,
2860201316, 081116, 065252,   59.9,   0.0,
2860201314, 081116, 065147,   74.8,   7.0,
2860201313, 081116, 065058,   85.1,  12.0,
2860201311, 081116, 064947,  100.8,   0.0,
2860201310, 081116, 064848,  114.8,  24.0,
2860201308, 081116, 064738,  125.9,  35.0,
2860201307, 081116, 064643,  134.3,  16.0,
2860201305, 081116, 064518,  151.2,  17.0,
2860201303, 081116, 064343,  176.1,   4.0,
2870201414, 101716, 071146,    4.9,   1.0,
2870201413, 101716, 071001,   26.3,   1.0,
2870201412, 101716, 070826,   45.3,   1.0,
2870201411, 101716, 070646,   61.5,   4.0,
2870201410, 101716, 070521,   76.1,   6.0,
2870201409, 101716, 070406,   85.1,   5.0,
2870201408, 101716, 070241,  100.9,  29.0,
2870201407, 101716, 070116,  115.6,  25.0,
2870201406, 101716, 070000,  126.3,  21.0,
2870201405, 101716, 065845,  134.9,  21.0,
2870201404, 101716, 065715,  150.3,   7.0,
2870201403, 101716, 065536,  176.8,   7.0,
2880201324, 112816, 065736,    5.7,   1.0,
2880201323, 112816, 065515,   24.6,   0.0,
2880201322, 112816, 065349,   45.5,   1.0,
2880201321, 112816, 065240,   60.7,   1.0,
2880201320, 112816, 065135,   75.0,   0.0,
2880201319, 112816, 065045,   86.3,   2.0,
2880201318, 112816, 064930,  100.0,   0.0,
2880201317, 112816, 064830,  115.8,   5.0,
2880201316, 112816, 064734,  125.6,   2.0,
2880201315, 112816, 064634,  135.3,   0.0,
2880201314, 112816, 064525,  149.9,   0.0,
2880201313, 112816, 064355,  174.9,   0.0,
2890201314, 012517, 071020,    6.6,   0.0,
2890201313, 012517, 070759,   26.0,   2.0,
2890201312, 012517, 070623,   46.4,   1.0,
2890201311, 012517, 070459,   59.4,   1.0,
2890201310, 012517, 070334,   74.8,   4.0,
2890201309, 012517, 070223,   86.1,  13.0,
2890201308, 012517, 070108,   99.0,  10.0,
2890201307, 012517, 065943,  114.6,   6.0,
2890201306, 012517, 065827,  126.7,   4.0,
2890201305, 012517, 065723,  135.8,   3.0,
2890201304, 012517, 065603,  150.2,   2.0,
2890201303, 012517, 065428,  174.5,   0.0,
2900201213, 022417, 083509,    5.0,   1.0,
2900201211, 022417, 083334,   25.9,   1.0,
2900201210, 022417, 083214,   45.7,   1.0,
2900201209, 022417, 083109,   59.9,   1.0,
2900201208, 022417, 083008,   74.8,   2.0,
2900201206, 022417, 082749,  100.4,   2.0,
2900201205, 022417, 082639,  116.1,   3.0,
2900201204, 022417, 082539,  125.4,   4.0,
2900201203, 022417, 082444,  134.3,   1.0,
2900201202, 022417, 082253,  152.3,   2.0,
2900201201, 022417, 082129,  174.5,   1.0,
2910201418, 033017, 070149,    5.7,   0.0,
2910201417, 033017, 070042,   24.9,   0.0,
2910201416, 033017, 065938,   45.2,   0.0,
2910201415, 033017, 065843,   60.0,   0.0,
2910201414, 033017, 065739,   74.5,   0.0,
2910201413, 033017, 065637,   83.8,   2.0,
2910201411, 033017, 065527,  100.3,   2.0,
2910201410, 033017, 065428,  115.0,   8.0,
2910201408, 033017, 065333,  124.7,   8.0,
2910201407, 033017, 065243,  134.5,  12.0,
2910201405, 033017, 065133,  149.8,  12.0,
2910201403, 033017, 065008,  175.0,   2.0,
2920201415, 042717, 065259,    5.2,   0.0,
2920201413, 042717, 065134,   25.1,   1.0,
2920201412, 042717, 065025,   45.0,   2.0,
2920201411, 042717, 064858,   59.9,   3.0,
2920201410, 042717, 064759,   74.3,   3.0,
2920201409, 042717, 064720,   84.8,   3.0,
2920201408, 042717, 064630,   99.8,   3.0,
2920201407, 042717, 064539,  115.1,   8.0,
2920201406, 042717, 064445,  125.5,   9.0,
2920201405, 042717, 064354,  135.8,  12.0,
2920201404, 042717, 064255,  152.5,   8.0,
2920201403, 042717, 064150,  176.0,   1.0,
2930201414, 052517, 070029,    5.3,   0.0,
2930201413, 052517, 065844,   25.6,   2.0,
2930201412, 052517, 065739,   45.9,   2.0,
2930201411, 052517, 065639,   61.4,   2.0,
2930201410, 052517, 065534,   75.5,   1.0,
2930201409, 052517, 065444,   84.5,   5.0,
2930201407, 052517, 065229,  116.0,  10.0,
2930201406, 052517, 065134,  122.6,  11.0,
2930201405, 052517, 065034,  134.3,  17.0,
2930201404, 052517, 064918,  149.8,  11.0,
2930201403, 052517, 064740,  174.6,   6.0,
2940201513, 062217, 071229,   25.6,   1.0,
2940201512, 062217, 071023,   45.4,   1.0,
2940201511, 062217, 070828,   60.2,   2.0,
2940201510, 062217, 070638,   75.9,   4.0,
2940201509, 062217, 070453,   85.8,   4.0,
2940201508, 062217, 070253,  101.0,   5.0,
2940201507, 062217, 070058,  115.8,   7.0,
2940201506, 062217, 065923,  125.8,  12.0,
2940201505, 062217, 065733,  135.7,  15.0,
2940201504, 062217, 065543,  150.5,  13.0,
2940201503, 062217, 065320,  175.7,   1.0,
2950201414, 081017, 065903,    5.4,   1.0,
2950201413, 081017, 065813,   25.1,   1.0,
2950201412, 081017, 065718,   45.1,   1.0,
2950201411, 081017, 065628,   60.3,   2.0,
2950201410, 081017, 065538,   75.6,   3.0,
2950201409, 081017, 065448,   85.5,   4.0,
2950201408, 081017, 065403,  100.2,   7.0,
2950201407, 081017, 065318,  114.8,  18.0,
2950201406, 081017, 065238,  125.8,  11.0,
2950201405, 081017, 065158,  134.7,   6.0,
2950201404, 081017, 065107,  149.4,   3.0,
2950201403, 081017, 065008,  178.2,   1.0,
2960201318, 100817, 072654,    5.4,   1.0,
2960201315, 100817, 072419,   24.9,   1.0,
2960201314, 100817, 072153,   46.9,   1.0,
2960201313, 100817, 072003,   60.5,   2.0,
2960201310, 100817, 071804,   75.2,   2.0,
2960201308, 100817, 071404,  100.9,   6.0,
2960201307, 100817, 071208,  117.3,  10.0,
2960201306, 100817, 071039,  125.2,  17.0,
2960201305, 100817, 070909,  136.3,  15.0,
2960201304, 100817, 070724,  151.6,  10.0,
2960201303, 100817, 070523,  175.4,   2.0,
2970201414, 111017, 070304,    5.7,   1.0,
2970201413, 111017, 070127,   25.8,   2.0,
2970201412, 111017, 065948,   45.5,   3.0,
2970201411, 111017, 065823,   60.8,   1.0,
2970201410, 111017, 065708,   75.6,   7.0,
2970201409, 111017, 065548,   85.7,   9.0,
2970201408, 111017, 065428,  100.6,  16.0,
2970201407, 111017, 065247,  115.5,   9.0,
2970201406, 111017, 065137,  126.0,   8.0,
2970201405, 111017, 065019,  136.0,   8.0,
2970201404, 111017, 064848,  150.8,   2.0,
2970201403, 111017, 064655,  176.1,   1.0,
2980200721, 121317, 104816,    5.8,   4.0,
2980200719, 121317, 104636,   25.1,   4.0,
2980200718, 121317, 104516,   46.3,   4.0,
2980200717, 121317, 104421,   61.1,   4.0,
2980200716, 121317, 104316,   75.6,   6.0,
2980200715, 121317, 104225,   86.1,   5.0,
2980200713, 121317, 104120,   99.9,   9.0,
2980200712, 121317, 104015,  117.2,   8.0,
2980200710, 121317, 103925,  126.2,   4.0,
2980200709, 121317, 103835,  135.2,   3.0,
2980200707, 121317, 103725,  152.0,   0.0,
2980200705, 121317, 103605,  175.8,   0.0,
3000201414, 022718, 071428,    7.0,   6.0,
3000201413, 022718, 071248,   25.6,   4.0,
3000201412, 022718, 071059,   46.2,   6.0,
3000201411, 022718, 070928,   62.1,   2.0,
3000201410, 022718, 070808,   73.9,  35.0,
3000201409, 022718, 070659,   84.8,  21.0,
3000201408, 022718, 070533,  102.4,  15.0,
3000201407, 022718, 070358,  115.5,  21.0,
3000201406, 022718, 070249,  125.3,  22.0,
3000201405, 022718, 070118,  136.5,  18.0,
3000201404, 022718, 070008,  151.6,  33.0,
3000201403, 022718, 065818,  175.7,   5.0,
3010201224, 041918, 125618,    5.1,   3.0,
3010201223, 041918, 125443,   26.7,   4.0,
3010201222, 041918, 125313,   45.3,   3.0,
3010201221, 041918, 125157,   60.8,   0.0,
3010201220, 041918, 125052,   76.3,   0.0,
3010201219, 041918, 124934,   84.8,   9.0,
3010201218, 041918, 124816,  100.3,  28.0,
3010201214, 041918, 124251,  150.4,  20.0,
3010201213, 041918, 124101,  176.8,   5.0,
3020200723, 051618, 142147,    4.8,   3.0,
3020200719, 051618, 141907,   25.9,   4.0,
3020200717, 051618, 141737,   45.0,   2.0,
3020200715, 051618, 141537,   60.2,   4.0,
3020200714, 051618, 141432,   75.1,   6.0,
3020200713, 051618, 141327,   85.6,   8.0,
3020200712, 051618, 141148,  100.9,  10.0,
3020200711, 051618, 141032,  115.4,  15.0,
3020200710, 051618, 140907,  124.8,  38.0,
3020200707, 051618, 140707,  135.9,  31.0,
3020200706, 051618, 140557,  150.4,  26.0,
3020200704, 051618, 140347,  176.9,   4.0,
3030201314, 062818, 071036,    5.8,   1.0,
3030201313, 062818, 070642,   26.8,   1.0,
3030201312, 062818, 070517,   44.1,   6.0,
3030201311, 062818, 070356,   59.9,   8.0,
3030201310, 062818, 070241,   77.5,  10.0,
3030201309, 062818, 070125,   84.8,  14.0,
3030201308, 062818, 070009,   98.1,  16.0,
3030201307, 062818, 065838,  115.3,  14.0,
3030201306, 062818, 065723,  127.0,  27.0,
3030201305, 062818, 065608,  138.3,  36.0,
3030201304, 062818, 065458,  149.0,  21.0,
3030201303, 062818, 065348,  168.9,   8.0,
3040201414, 072618, 065742,    5.5,   4.0,
3040201413, 072618, 065614,   25.8,   7.0,
3040201412, 072618, 065450,   45.3,   9.0,
3040201411, 072618, 065336,   60.7,  13.0,
3040201410, 072618, 065238,   75.3,  12.0,
3040201409, 072618, 065135,   85.5,   9.0,
3040201408, 072618, 065025,   99.7,  17.0,
3040201407, 072618, 064913,  114.9,  39.0,
3040201406, 072618, 064806,  125.2,  37.0,
3040201405, 072618, 064704,  136.0,  32.0,
3040201404, 072618, 064540,  149.9,  10.0,
3040201403, 072618, 064407,  174.6,   4.0,
3050200718, 091118, 101642,    6.1,   3.0,
3050200717, 091118, 101503,   26.2,   2.0,
3050200716, 091118, 101339,   46.0,   8.0,
3050200715, 091118, 101225,   59.7,  10.0,
3050200714, 091118, 101111,   76.0,  14.0,
3050200713, 091118, 101012,   85.8,  27.0,
3050200711, 091118, 100849,  100.8,  85.0,
3050200708, 091118, 100639,  125.6,  50.0,
3050200707, 091118, 100539,  136.1,  23.0,
3050200705, 091118, 100421,  150.3,  22.0,
3050200703, 091118, 100241,  173.8,  10.0,
3060201418, 101418, 070637,    5.9,   5.0,
3060201417, 101418, 070502,   25.4,   5.0,
3060201416, 101418, 070322,   45.2,  10.0,
3060201415, 101418, 070202,   60.1,  12.0,
3060201414, 101418, 070039,   75.3,  12.0,
3060201413, 101418, 065916,   85.2,  13.0,
3060201410, 101418, 065603,  114.8,  40.0,
3060201408, 101418, 065449,  123.4,  38.0,
3060201407, 101418, 065342,  134.5,  18.0,
3060201405, 101418, 065222,  150.0,  16.0,
3060201403, 101418, 065032,  174.5,  13.0,
3070201412, 111818, 071046,   44.3,   8.0,
3070201411, 111818, 070925,   60.1,  15.0,
3070201410, 111818, 070751,   74.8,  18.0,
3070201409, 111818, 070637,   84.2,  51.0,
3070201408, 111818, 070508,  100.2,  22.0,
3070201407, 111818, 070341,  113.8,  21.0,
3070201406, 111818, 070226,  126.1,  24.0,
3070201405, 111818, 070118,  135.7,  18.0,
3070201404, 111818, 065950,  151.1,   3.0,
3070201403, 111818, 065752,  174.2,   1.0,
3070201524, 111818, 130552,    4.7,   5.0,
3070201523, 111818, 130448,   25.0,   6.0,
3090201414, 011719, 072116,    4.6,   5.0,
3090201412, 011719, 071801,   44.2,   6.0,
3090201411, 011719, 071636,   59.7,   9.0,
3090201410, 011719, 071511,   75.5,  13.0,
3090201409, 011719, 071351,   84.2,  12.0,
3090201408, 011719, 071236,   99.7,  44.0,
3090201407, 011719, 071106,  115.9,  21.0,
3090201406, 011719, 071001,  124.5,  19.0,
3090201405, 011719, 070836,  134.5,  12.0,
3090201404, 011719, 070721,  149.4,  12.0,
3090201403, 011719, 070531,  175.9,   9.0,
3100201023, 022119, 073323,    5.4,   4.0,
3100201022, 022119, 073139,   24.5,   4.0,
3100201020, 022119, 073000,   43.9,   6.0,
3100201018, 022119, 072823,   57.3,  15.0,
3100201017, 022119, 072653,   72.9,  28.0,
3100201015, 022119, 072403,   98.3,  26.0,
3100201014, 022119, 072238,  113.6,  24.0,
3100201011, 022119, 072003,  135.3,  15.0,
3100201010, 022119, 071835,  151.2,  12.0,
3100201008, 022119, 071646,  174.2,   7.0,
3110201424, 050419, 070239,    4.3,   5.0,
3110201412, 050419, 065939,   24.2,   6.0,
3110201411, 050419, 065756,   44.8,   4.0,
3110201410, 050419, 065611,   60.0,   7.0,
3110201409, 050419, 065419,   75.0,   6.0,
3110201408, 050419, 065259,   84.9,   8.0,
3110201407, 050419, 065024,   99.8,  11.0,
3110201406, 050419, 064854,  114.1,  16.0,
3110201405, 050419, 064735,  124.4,  31.0,
3110201404, 050419, 064614,  134.5,  22.0,
3110201403, 050419, 064444,  150.2,  20.0,
3110201402, 050419, 064249,  174.5,   8.0,
3120201421, 061319, 070256,    3.0,   1.0,
3120201419, 061319, 070120,   25.6,   2.0,
3120201417, 061319, 070002,   45.6,   3.0,
3120201416, 061319, 065900,   59.2,   3.0,
3120201415, 061319, 065750,   75.1,   6.0,
3120201414, 061319, 065655,   84.1,   7.0,
3120201409, 061319, 065510,  100.1,   9.0,
3120201408, 061319, 065355,  115.0,  32.0,
3120201406, 061319, 065245,  124.4,  43.0,
3120201405, 061319, 065135,  134.9,  26.0,
3120201404, 061319, 065021,  149.4,  12.0,
3120201403, 061319, 064841,  177.0,   4.0,
3130201419, 070319, 070140,    4.4,   2.0,
3130201417, 070319, 065955,   24.7,   1.0,
3130201415, 070319, 065806,   44.7,   1.0,
3130201414, 070319, 065640,   59.4,   1.0,
3130201412, 070319, 065506,   74.5,   4.0,
3130201411, 070319, 065345,   84.9,   4.0,
3130201409, 070319, 065216,   99.3,   7.0,
3130201408, 070319, 065045,  114.3,  18.0,
3130201406, 070319, 064930,  124.6,  28.0,
3130201405, 070319, 064815,  134.8,  42.0,
3130201404, 070319, 064700,  149.6,  28.0,
3130201403, 070319, 064500,  175.1,   8.0,
3140201419, 080419, 072631,    4.2,   1.0,
3140201417, 080419, 072449,   25.4,   2.0,
3140201415, 080419, 072316,   43.6,   2.0,
3140201414, 080419, 072205,   59.1,   3.0,
3140201412, 080419, 072050,   74.1,   4.0,
3140201411, 080419, 072000,   84.6,   6.0,
3140201409, 080419, 071848,   98.9,   7.0,
3140201408, 080419, 071739,  114.8,  10.0,
3140201406, 080419, 071636,  124.9,  11.0,
3140201405, 080419, 071544,  133.7,  12.0,
3140201404, 080419, 071441,  149.7,  21.0,
3140201403, 080419, 071336,  173.6,   6.0,
3150201420, 090619, 065843,    5.1,   1.0,
3150201418, 090619, 065703,   24.4,   2.0,
3150201416, 090619, 065505,   46.1,   5.0,
3150201415, 090619, 065329,   60.1,   5.0,
3150201413, 090619, 065154,   75.0,   8.0,
3150201412, 090619, 065043,   84.1,   7.0,
3150201410, 090619, 064905,   99.6,  17.0,
3150201409, 090619, 064743,  113.7,  34.0,
3150201407, 090619, 064608,  124.5,  17.0,
3150201406, 090619, 064443,  133.3,  14.0,
3150201404, 090619, 064258,  149.0,  14.0,
3150201403, 090619, 064118,  174.5,   8.0,
3160201317, 101919, 065211,    4.7,   0.0,
3160201314, 101919, 064937,   25.3,   2.0,
3160201313, 101919, 064806,   44.9,   0.0,
3160201312, 101919, 064652,   59.0,  13.0,
3160201311, 101919, 064537,   74.8,   0.0,
3160201310, 101919, 064439,   84.0,  10.0,
3160201309, 101919, 064326,   99.4,  23.0,
3160201308, 101919, 064137,  114.2,  37.0,
3160201307, 101919, 064037,  124.3,  33.0,
3160201306, 101919, 063937,  134.3,  19.0,
3160201305, 101919, 063827,  149.5,   9.0,
3160201304, 101919, 063709,  175.9,   2.0,
3170200720, 122019, 101807,    5.3,   7.0,
3170200717, 122019, 101621,   24.5,   8.0,
3170200716, 122019, 101509,   42.0,   3.0,
3170200715, 122019, 101405,   58.8,   3.0,
3170200714, 122019, 101235,   74.9,   8.0,
3170200713, 122019, 101133,   82.9,   3.0,
3170200711, 122019, 101013,  100.3,   4.0,
3170200710, 122019, 100858,  114.0,  14.0,
3170200708, 122019, 100737,  123.6,  32.0,
3170200707, 122019, 100633,  134.5,  19.0,
3170200706, 122019, 100521,  147.8,   7.0,
3170200703, 122019, 100336,  173.4,   0.0,
3180200617, 010820, 132749,    5.1,   3.0,
3180200615, 010820, 132540,   24.4,   3.0,
3180200614, 010820, 132332,   43.6,   3.0,
3180200613, 010820, 132203,   60.0,   3.0,
3180200612, 010820, 132007,   74.5,   3.0,
3180200611, 010820, 131851,   84.4,   7.0,
3180200610, 010820, 131719,   98.8,  25.0,
3180200609, 010820, 131543,  115.4,  19.0,
3180200608, 010820, 131400,  123.9,  12.0,
3180200607, 010820, 131235,  134.3,   7.0,
3180200606, 010820, 131108,  150.4,   1.0,
3180200605, 010820, 130919,  172.0,   0.0,
3190201224, 020120, 081658,    5.0,   1.0,
3190201213, 020120, 081407,   26.1,   1.0,
3190201212, 020120, 081207,   44.8,   2.0,
3190201211, 020120, 081005,   59.3,   2.0,
3190201210, 020120, 080809,   75.7,   3.0,
3190201209, 020120, 080631,   85.4,   4.0,
3190201208, 020120, 080447,   99.9,   5.0,
3190201207, 020120, 080259,  115.2,  15.0,
3190201206, 020120, 080127,  125.5,  34.0,
3190201205, 020120, 075957,  135.5,  31.0,
3190201204, 020120, 075804,  149.3,  12.0,
3190201203, 020120, 075555,  174.5,   4.0,
3200201518, 071720, 070139,    5.2,   0.0,
3200201517, 071720, 070005,   25.2,   1.0,
3200201516, 071720, 065843,   44.6,   2.0,
3200201515, 071720, 065731,   61.2,   2.0,
3200201514, 071720, 065621,   74.6,   3.0,
3200201513, 071720, 065523,   83.7,   4.0,
3200201511, 071720, 065405,   99.6,   6.0,
3200201510, 071720, 065254,  113.8,  36.0,
3200201508, 071720, 065139,  124.7,  20.0,
3200201507, 071720, 065031,  134.7,  22.0,
3200201505, 071720, 064906,  150.9,  11.0,
3200201503, 071720, 064723,  175.7,   7.0,
3210201614, 081020, 070439,    5.0,   1.0,
3210201613, 081020, 070316,   24.2,   2.0,
3210201612, 081020, 070133,   45.9,   3.0,
3210201611, 081020, 070020,   59.6,   7.0,
3210201610, 081020, 065853,   75.5,   8.0,
3210201609, 081020, 065729,   85.4,   9.0,
3210201608, 081020, 065553,  100.1,  14.0,
3210201607, 081020, 065415,  114.9,  15.0,
3210201606, 081020, 065249,  124.3,  16.0,
3210201605, 081020, 065125,  133.7,  22.0,
3210201604, 081020, 064939,  150.8,  16.0,
3210201603, 081020, 064746,  174.8,   7.0,
3220201815, 090520, 070013,    4.7,   1.0,
3220201813, 090520, 065831,   24.1,   1.0,
3220201812, 090520, 065647,   45.8,   2.0,
3220201811, 090520, 065507,   59.8,   1.0,
3220201810, 090520, 065350,   74.6,   3.0,
3220201809, 090520, 065256,   84.7,   6.0,
3220201808, 090520, 065119,  100.4,  10.0,
3220201807, 090520, 064950,  115.8,  21.0,
3220201806, 090520, 064840,  125.1,  21.0,
3220201805, 090520, 064725,  135.4,  18.0,
3220201804, 090520, 064611,  149.8,  15.0,
3220201803, 090520, 064454,  174.2,   4.0,
3230201514, 092920, 071152,    4.6,   1.0,
3230201512, 092920, 070802,   45.2,   1.0,
3230201511, 092920, 070632,   58.3,   3.0,
3230201510, 092920, 070502,   75.7,   9.0,
3230201509, 092920, 070341,   85.5,  12.0,
3230201508, 092920, 070211,   99.0,  15.0,
3230201507, 092920, 070036,  114.9,  24.0,
3230201506, 092920, 065926,  124.8,   6.0,
3230201505, 092920, 065806,  135.3,   7.0,
3230201504, 092920, 065652,  150.6,   7.0,
3230201503, 092920, 065526,  175.2,   2.0,
3240201514, 112120, 070335,    4.5,   4.0,
3240201513, 112120, 070155,   24.9,   6.0,
3240201512, 112120, 070020,   44.2,   3.0,
3240201511, 112120, 065854,   60.2,   0.0,
3240201510, 112120, 065735,   74.2,   0.0,
3240201509, 112120, 065615,   84.3,  19.0,
3240201508, 112120, 065509,   99.4,  11.0,
3240201507, 112120, 065359,  114.3,   4.0,
3240201506, 112120, 065300,  123.3,   5.0,
3240201505, 112120, 065145,  135.3,   6.0,
3240201504, 112120, 065015,  151.6,   2.0,
3240201503, 112120, 064850,  173.7,   1.0,
3250201416, 122020, 064528,    4.7,   5.0,
3250201414, 122020, 064352,   23.8,   6.0,
3250201412, 122020, 064121,   59.8,   5.0,
3250201411, 122020, 064003,   74.4,   6.0,
3250201410, 122020, 063841,   84.8,   8.0,
3250201409, 122020, 063734,   99.8,  41.0,
3250201408, 122020, 063646,  103.2,  33.0,
3250201407, 122020, 063534,  114.2,  21.0,
3250201406, 122020, 063437,  123.5,  18.0,
3250201405, 122020, 063345,  133.9,   7.0,
3250201404, 122020, 063237,  150.3,   5.0,
3250201403, 122020, 063118,  172.8,   2.0,
3260201414, 011421, 071711,    4.3,   2.0,
3260201413, 011421, 071606,   23.2,   3.0,
3260201412, 011421, 071448,   46.1,   2.0,
3260201411, 011421, 071355,   59.1,   4.0,
3260201410, 011421, 071253,   75.1,   5.0,
3260201409, 011421, 071202,   85.1,   5.0,
3260201408, 011421, 071048,   99.1,   9.0,
3260201407, 011421, 070918,  115.0,  27.0,
3260201406, 011421, 070812,  125.7,  35.0,
3260201405, 011421, 070706,  134.6,  22.0,
3260201404, 011421, 070547,  148.9,  12.0,
3260201403, 011421, 070421,  171.8,   4.0,
3270201414, 021821, 071024,    4.5,   2.0,
3270201413, 021821, 070859,   24.0,   2.0,
3270201412, 021821, 070729,   45.7,   3.0,
3270201411, 021821, 070619,   58.5,   4.0,
3270201410, 021821, 070459,   74.7,   5.0,
3270201409, 021821, 070349,   83.2,   7.0,
3270201408, 021821, 070229,   99.5,  10.0,
3270201407, 021821, 070108,  112.6,   6.0,
3270201406, 021821, 070004,  124.3,   7.0,
3270201405, 021821, 065853,  133.1,  26.0,
3270201404, 021821, 065739,  148.8,  27.0,
3270201403, 021821, 065459,  174.0,  16.0,
3280201023, 032521, 072225,    5.2,   2.0,
3280201021, 032521, 072045,   25.8,   2.0,
3280201019, 032521, 071901,   44.3,   4.0,
3280201018, 032521, 071730,   60.5,   4.0,
3280201014, 032521, 071541,   75.3,   5.0,
3280201013, 032521, 071421,   85.5,   8.0,
3280201010, 032521, 071225,   99.3,  15.0,
3280201009, 032521, 071055,  115.3,   5.0,
3280201006, 032521, 070911,  125.6,  30.0,
3280201005, 032521, 070726,  135.7,  16.0,
3280201004, 032521, 070555,  149.5,  15.0,
3280201003, 032521, 070335,  175.3,   6.0,
3290201424, 041521, 070445,    4.5,   2.0,
3290201423, 041521, 070248,   24.9,   2.0,
3290201422, 041521, 070116,   44.9,   3.0,
3290201421, 041521, 065943,   60.1,   7.0,
3290201410, 041521, 065607,   74.9,   6.0,
3290201409, 041521, 065430,   85.3,   8.0,
3290201408, 041521, 065147,   97.8,  21.0,
3290201407, 041521, 064957,  113.4,  22.0,
3290201406, 041521, 064851,  122.7,  49.0,
3290201405, 041521, 064755,  134.5,  46.0,
3290201404, 041521, 064645,  148.1,  28.0,
3290201403, 041521, 064527,  173.9,   9.0,
3300201424, 051821, 070500,    4.9,   1.0,
3300201423, 051821, 070320,   23.9,   0.0,
3300201422, 051821, 070135,   45.1,   6.0,
3300201421, 051821, 065945,   58.2,   5.0,
3300201420, 051821, 065844,   71.8,   4.0,
3300201419, 051821, 065740,   83.2,   5.0,
3300201418, 051821, 065630,   99.3,   7.0,
3300201417, 051821, 065525,  113.3,   8.0,
3300201416, 051821, 065430,  123.7,   8.0,
3300201405, 051821, 065150,  133.7,  39.0,
3300201404, 051821, 065040,  149.8,  29.0,
3300201403, 051821, 064920,  172.9,  19.0,
3310201224, 062421, 071716,    4.9,   2.0,
3310201223, 062421, 071600,   25.2,   2.0,
3310201222, 062421, 071441,   45.3,   4.0,
3310201221, 062421, 071316,   60.1,   5.0,
3310201220, 062421, 071141,   75.3,   5.0,
3310201219, 062421, 071016,   85.7,   6.0,
3310201218, 062421, 070846,  100.9,   8.0,
3310201216, 062421, 070626,  115.4,   8.0,
3310201214, 062421, 070426,  125.8,  19.0,
3310201212, 062421, 070225,  136.1,  15.0,
3310201209, 062421, 065926,  150.6,   9.0,
3310201204, 062421, 065426,  176.3,   2.0,
3320201314, 071821, 074517,    5.0,   3.0,
3320201313, 071821, 074343,   25.7,   3.0,
3320201312, 071821, 074153,   46.6,   4.0,
3320201311, 071821, 074018,   60.6,   5.0,
3320201310, 071821, 073918,   75.4,   7.0,
3320201309, 071821, 073814,   85.3,   9.0,
3320201308, 071821, 073652,  101.5,   6.0,
3320201307, 071821, 073548,  114.5,   7.0,
3320201306, 071821, 073448,  124.7,   6.0,
3320201305, 071821, 073348,  135.4,   7.0,
3320201304, 071821, 073243,  150.8,  30.0,
3320201303, 071821, 073123,  175.0,  23.0,
3330201720, 103121, 070907,    4.9,   4.0,
3330201719, 103121, 070718,   23.4,   2.0,
3330201717, 103121, 070512,   44.2,   4.0,
3330201715, 103121, 070232,   59.9,   5.0,
3330201714, 103121, 070052,   75.8,  10.0,
3330201713, 103121, 065932,   85.2,  10.0,
3330201712, 103121, 065758,  100.3,  20.0,
3330201711, 103121, 065632,  114.7,  26.0,
3330201709, 103121, 065452,  125.3,  31.0,
3330201708, 103121, 065310,  135.8,  29.0,
3330201706, 103121, 065107,  150.3,  25.0,
3330201705, 103121, 064907,  174.8,   1.0,