Hawaii Ocean Time-series : 12-Sep-2023 23:57:29
https://hahana.soest.hawaii.edu/hot/hot-dogs/bextraction.html

botid, date, time, press, n2o, 
#, mmddyy, hhmmss, dbar, nmol/kg, 
0400201621, -00009, -00009,   26.0,   7.32,
0400201620, -00009, -00009,   58.9,   7.32,
0400201619, -00009, -00009,   90.1,   8.18,
0400201618, -00009, -00009,  100.2,   8.20,
0400201617, -00009, -00009,  110.3,   8.25,
0400201616, -00009, -00009,  114.7,   8.36,
0400201615, -00009, -00009,  119.8,   8.39,
0400201614, -00009, -00009,  125.0,   8.78,
0400201613, -00009, -00009,  130.4,   8.32,
0400201612, -00009, -00009,  135.2,   8.25,
0400201611, -00009, -00009,  139.5,   8.44,
0400201610, -00009, -00009,  145.4,   8.63,
0400201609, -00009, -00009,  152.0,   8.84,
0400201608, -00009, -00009,  154.3,   9.32,
0400201607, -00009, -00009,  162.4,   9.59,
0400201606, -00009, -00009,  172.8,   9.94,
0400201605, -00009, -00009,  193.8,  10.18,
0410201621, -00009, -00009,   24.5,   8.15,
0410201615, -00009, -00009,  109.3,   7.61,
0410201614, -00009, -00009,  114.2,   7.82,
0410201613, -00009, -00009,  119.3,   7.79,
0410201612, -00009, -00009,  124.3,   8.77,
0410201611, -00009, -00009,  130.6,   9.01,
0410201610, -00009, -00009,  134.7,   8.47,
0410201609, -00009, -00009,  139.8,   8.47,
0410201608, -00009, -00009,  144.9,   8.36,
0410201606, -00009, -00009,  154.3,   8.73,
0410201605, -00009, -00009,  164.2,   9.06,
0410201604, -00009, -00009,  173.9,  10.22,
0450201623, -00009, -00009,    5.7,   7.37,
0450201622, -00009, -00009,   29.8,   7.61,
0450201621, -00009, -00009,   55.5,   7.46,
0450201620, -00009, -00009,   81.0,   8.02,
0450201619, -00009, -00009,   90.4,   6.88,
0450201618, 021893, 114557,  110.3,   7.24,
0450201617, 021893, 114351,  121.2,   7.84,
0450201616, 021893, 114205,  130.7,   9.46,
0450201614, 021893, 113917,  155.6,   8.78,
0450201613, 021893, 113818,  162.2,   8.42,
0450201612, 021893, 113723,  174.0,  10.23,
0500201524, 103093, 114215,    6.4,   7.74,
0500201521, 103093, 113853,   46.1,   7.92,
0500201519, 103093, 113621,   75.4,   8.35,
0500201517, 103093, 113331,   95.9,   7.73,
0500201516, 103093, 113227,  105.8,   8.31,
0500201515, 103093, 113120,  115.9,   8.72,
0500201514, 103093, 113012,  125.8,   8.50,
0500201513, 103093, 112904,  134.9,   9.39,
0500201512, 103093, 112800,  144.8,  10.35,
0500201510, 103093, 112543,  165.5,  10.58,
0500201509, 103093, 112435,  175.3,   9.95,
0500201508, 103093, 112322,  185.6,   9.75,
0500201507, 103093, 112217,  194.6,  10.60,
0570201924, 092594, 053549,    5.0,   6.50,
0570201923, 092594, 053425,   24.6,   6.93,
0570201922, 092594, 053211,   75.0,   7.50,
0570201919, 092594, 052840,  104.5,   8.15,
0570201917, 092594, 052643,  115.2,   8.04,
0570201916, 092594, 052604,  119.2,   7.96,
0570201915, 092594, 052509,  125.1,   7.91,
0570201914, 092594, 052418,  130.3,   8.06,
0570201913, 092594, 052325,  135.6,   8.92,
0570201912, 092594, 052226,  140.7,   8.93,
0570201911, 092594, 052142,  144.8,   9.45,
0570201910, 092594, 052057,  149.6,   8.23,
0570201909, 092594, 052016,  154.7,   8.84,
0570201908, 092594, 051924,  159.5,   9.65,
0570201906, 092594, 051656,  184.6,   9.59,
0620201624, 040795, 160306,    5.0,   6.79,
0620201623, 040795, 160215,    9.9,   7.37,
0620201622, 040795, 160132,   14.3,   7.26,
0620201621, 040795, 160047,   20.0,   7.10,
0620201620, 040795, 155931,   44.9,   7.39,
0620201619, 040795, 155813,   65.5,   7.22,
0620201618, 040795, 155708,   80.8,   7.54,
0620201617, 040795, 155547,  100.0,   7.62,
0620201616, 040795, 155444,  120.2,   7.56,
0620201615, 040795, 155344,  139.8,   7.77,
0620201614, 040795, 155232,  159.3,   8.11,
0620201613, 040795, 155142,  170.3,   8.37,
0630200924, 050795, 210621,    5.3,   7.07,
0630200922, 050795, 210512,   24.7,   7.07,
0630200920, 050795, 210353,   45.2,   7.18,
0630200918, 050795, 210237,   74.5,   7.70,
0630200916, 050795, 210122,   99.9,   7.20,
0630200914, 050795, 210008,  125.0,   7.23,
0630200912, 050795, 205843,  161.2,   9.75,
0630200910, 050795, 205713,  177.6,   9.43,
0640200919, 073095, 211520,    3.7,   6.35,
0640200916, 073095, 211307,   24.2,   7.41,
0640200913, 073095, 210941,   74.1,   7.91,
0640200911, 073095, 210736,   99.6,   7.91,
0640200909, 073095, 210535,  124.5,   8.10,
0640200908, 073095, 210421,  149.7,   8.41,
0640200907, 073095, 210257,  174.5,   7.04,
0650201024, 082995, 012714,    4.6,   6.14,
0650201023, 082995, 012601,   24.2,   6.59,
0650201021, 082995, 012323,   74.0,   8.02,
0650201020, 082995, 012221,   99.5,   8.02,
0650201018, 082995, 012019,  118.7,   8.41,
0650201015, 082995, 011715,  149.3,   7.43,
0650201013, 082995, 011529,  169.1,  14.07,
0660201612, 092895, 165118,    4.3,   6.92,
0660201611, 092895, 164947,   25.0,   5.96,
0660201610, 092895, 164845,   45.5,   6.53,
0660201609, 092895, 164740,   74.6,   8.97,
0660201607, 092895, 164528,  125.2,   9.78,
0660201606, 092895, 164422,  149.2,   9.97,
0660201605, 092895, 164311,  174.5,  10.07,
0690200512, 011796, 015515,   24.4,   6.93,
0690200509, 011796, 015121,   99.2,   8.51,
0690200508, 011796, 015009,  124.6,   8.80,
0690200507, 011796, 014854,  150.0,   8.80,
0690200506, 011796, 014736,  175.0,   8.98,
0700201118, 032796, 230714,   44.5,   9.08,
0700201116, 032796, 230452,   59.7,   7.52,
0700201114, 032796, 230010,  100.5,   8.59,
0700201112, 032796, 225738,  125.1,  10.17,
0700201111, 032796, 225604,  150.5,  10.25,
0700201110, 032796, 225410,  174.7,  12.62,
0710201111, 042496, 214937,   74.3,   6.93,
0710201110, 042496, 214839,  100.0,   7.52,
0710201109, 042496, 214717,  125.4,   7.24,
0710201108, 042496, 214611,  149.2,   7.63,
0710201107, 042496, 214459,  175.4,   7.03,
0720200917, 052396, 025805,   25.5,   6.84,
0720200916, 052396, 025651,   50.1,   6.84,
0720200915, 052396, 025543,   75.2,   7.32,
0720200914, 052396, 025429,  100.2,   7.81,
0720200913, 052396, 025253,  124.6,   7.32,
0720200912, 052396, 025109,  149.2,   8.90,
0720200911, 052396, 024959,  174.6,   8.41,
0730200912, 062696, 160200,    4.5,   6.34,
0730200911, 062696, 160100,   24.4,   6.55,
0730200910, 062696, 155942,   50.2,   7.02,
0730200908, 062696, 155718,  100.3,   7.32,
0730200906, 062696, 155452,  148.7,   7.42,
0730200905, 062696, 155330,  173.9,   7.53,
0740201211, 072896, 005004,   24.6,   6.83,
0740201209, 072896, 004738,   74.4,   7.33,
0740201208, 072896, 004626,   99.6,   7.23,
0740201207, 072896, 004508,  124.3,   6.74,
0740201206, 072896, 004340,  150.3,   7.24,
0740201205, 072896, 004224,  174.9,   7.63,
0750201214, 082296, 015403,    4.6,   4.97,
0750201213, 082296, 015249,   24.8,   5.95,
0750201212, 082296, 015147,   44.3,   6.06,
0750201211, 082296, 015031,   74.6,   7.72,
0750201210, 082296, 014907,   99.6,   8.20,
0750201209, 082296, 014759,  124.5,   7.91,
0750201208, 082296, 014647,  149.3,   7.53,
0750201207, 082296, 014525,  174.6,   7.92,
0760201015, 100296, 185416,    4.9,   8.19,
0760201011, 100296, 184854,   74.2,   7.31,
0760201010, 100296, 184740,  104.1,   7.63,
0760201009, 100296, 184626,  124.4,   7.81,
0760201008, 100296, 184508,  148.2,   8.80,
0760201007, 100296, 184402,  174.4,   8.90,
0770200724, 103096, 155551,    4.3,   5.65,
0770200722, 103096, 155435,   24.8,   6.14,
0770200720, 103096, 155257,   44.6,   6.35,
0770200718, 103096, 155113,   73.8,   7.52,
0770200716, 103096, 154943,   98.5,   8.59,
0770200714, 103096, 154759,  124.8,   8.90,
0770200712, 103096, 154633,  150.1,   8.98,
0770200710, 103096, 154519,  175.3,   9.40,
0780201316, 121296, 055356,    4.7,   6.74,
0780201315, 121296, 055230,   24.3,   6.74,
0780201314, 121296, 055056,   49.6,   7.32,
0780201313, 121296, 054922,   74.8,   7.23,
0780201312, 121296, 054800,  102.0,   6.84,
0780201311, 121296, 054642,  124.8,   7.91,
0780201310, 121296, 054522,  150.2,   8.98,
0780201309, 121296, 054412,  175.1,   8.80,
0790201214, 010997, 015631,    4.2,   6.92,
0790201213, 010997, 015519,   24.7,   6.69,
0790201211, 010997, 015315,   49.4,   6.92,
0790201210, 010997, 015151,   74.1,   7.81,
0790201209, 010997, 014953,   99.9,   8.51,
0790201208, 010997, 014827,  124.3,   9.57,
0790201207, 010997, 014713,  149.9,   9.47,
0790201206, 010997, 014549,  176.3,   8.70,
0800201214, 021997, 005639,    4.6,   6.64,
0800201213, 021997, 005503,   25.3,   6.06,
0800201212, 021997, 005345,   49.8,   6.64,
0800201211, 021997, 005218,   75.2,   6.35,
0800201210, 021997, 005036,  100.2,   6.53,
0800201209, 021997, 004922,  124.4,   6.74,
0800201208, 021997, 004757,  149.8,   7.72,
0800201207, 021997, 004648,  174.4,   6.64,
0800201206, 021997, 004544,  190.2,   7.91,
0810201212, 031397, 005141,    4.9,   6.84,
0810201211, 031397, 005033,   25.2,   7.03,
0810201210, 031397, 004919,   49.5,   7.81,
0810201208, 031397, 004655,  100.2,   8.31,
0810201207, 031397, 004531,  123.3,   9.09,
0810201206, 031397, 004407,  149.9,   9.78,
0810201205, 031397, 004233,  175.1,  10.46,
0820201212, 041097, 005001,    5.5,   6.15,
0820201211, 041097, 004849,   25.2,   6.64,
0820201210, 041097, 004751,   49.4,   8.12,
0820201209, 041097, 004633,   74.5,   8.12,
0820201208, 041097, 004513,   99.5,  11.14,
0820201207, 041097, 004351,  124.5,  11.06,
0820201206, 041097, 004227,  150.5,  13.70,
0820201205, 041097, 004051,  174.2,  14.00,
0830201212, 050897, 005625,    4.5,   7.13,
0830201211, 050897, 005507,   24.8,   7.23,
0830201210, 050897, 005351,   44.6,   7.41,
0830201209, 050897, 005215,   74.9,   7.33,
0830201208, 050897, 005055,  100.9,   7.62,
0830201207, 050897, 004937,  124.6,   7.72,
0830201206, 050897, 004813,  151.3,   8.12,
0840201212, 060597, 005154,    5.0,   7.12,
0840201211, 060597, 005038,   25.1,   7.02,
0840201210, 060597, 004918,   48.3,   7.13,
0840201209, 060597, 004742,   74.9,   7.52,
0840201208, 060597, 004616,   99.5,   7.42,
0840201207, 060597, 004442,  124.9,   8.98,
0840201206, 060597, 004310,  148.6,   9.78,
0840201205, 060597, 004156,  174.1,  10.07,
0850201213, 071097, 005057,    4.9,   6.63,
0850201212, 071097, 004935,   24.4,   6.25,
0850201211, 071097, 004831,   49.7,   6.63,
0850201210, 071097, 004733,   74.6,   7.42,
0850201209, 071097, 004637,   99.4,   7.62,
0850201208, 071097, 004519,  124.9,   8.20,
0850201207, 071097, 004413,  154.6,   8.98,
0850201206, 071097, 004305,  175.9,   9.38,
0860200818, 080397, 015544,    4.8,   6.24,
0860200817, 080397, 015420,   24.6,   6.63,
0860200816, 080397, 015246,   44.1,   6.74,
0860200815, 080397, 015116,   74.5,   7.13,
0860200814, 080397, 014948,   99.9,   8.89,
0860200813, 080397, 014828,  124.4,   7.13,
0860200812, 080397, 014710,  150.5,   8.02,
0860200810, 080397, 014538,  174.9,   8.41,
0870200513, 092597, 191057,    4.4,   5.75,
0870200512, 092597, 190933,   23.1,   5.36,
0870200511, 092597, 190739,   44.3,   5.85,
0870200510, 092597, 190601,   75.0,   6.14,
0870200509, 092597, 190427,   99.5,   6.15,
0870200508, 092597, 190259,  125.5,   6.15,
0870200506, 092597, 190035,  149.7,   6.64,
0880200524, 120597, 141208,    5.5,   6.64,
0880200522, 120597, 141016,   25.8,   6.92,
0880200520, 120597, 140804,   45.6,   6.74,
0880200518, 120597, 140542,   75.2,   6.45,
0880200516, 120597, 140350,   98.6,   6.04,
0880200514, 120597, 140144,  126.1,   7.24,
0880200512, 120597, 135938,  150.4,   8.51,
0890201117, 011198, 215704,    5.2,   6.98,
0890201116, 011198, 215552,   24.9,   7.03,
0890201115, 011198, 215428,   50.4,   6.93,
0890201114, 011198, 215250,   74.1,   7.23,
0890201113, 011198, 215126,  101.0,   7.24,
0890201112, 011198, 215012,  125.6,   7.63,
0890201110, 011198, 214730,  176.7,  11.63,
0900201312, 022098, 060752,    4.5,   7.32,
0900201311, 022098, 060602,   24.6,   6.64,
0900201310, 022098, 060442,   44.9,   6.84,
0900201309, 022098, 060312,   75.0,   6.93,
0900201308, 022098, 060132,   99.4,   7.63,
0900201307, 022098, 060002,  124.6,   8.20,
0900201306, 022098, 055832,  150.0,   9.58,
0900201305, 022098, 055702,  174.7,  10.07,
0910200823, 031898, 190212,    5.4,   7.13,
0910200819, 031898, 185852,   24.6,   6.92,
0910200815, 031898, 185552,   44.8,   6.35,
0910200811, 031898, 185238,   74.8,   6.74,
0910200808, 031898, 184952,  105.1,   6.74,
0910200806, 031898, 184802,  124.0,   7.32,
0910200805, 031898, 184646,  149.9,   8.02,
0910200804, 031898, 184512,  175.5,   8.20,
0920201112, 041698, 012128,    4.5,   6.93,
0920201111, 041698, 012012,   24.6,   6.54,
0920201110, 041698, 011852,   45.4,   5.96,
0920201109, 041698, 011718,   74.9,   7.13,
0920201108, 041698, 011602,   99.4,   6.93,
0920201107, 041698, 011442,  126.0,   7.71,
0920201106, 041698, 011322,  148.9,   8.59,
0920201105, 041698, 011202,  174.9,  10.46,
0930201112, 051498, 011554,    5.4,   7.62,
0930201111, 051498, 011413,   25.7,   6.83,
0930201110, 051498, 011250,   44.3,   7.13,
0930201109, 051498, 011051,   74.9,   7.52,
0930201108, 051498, 010912,  101.9,   7.63,
0930201107, 051498, 010729,  123.8,  10.36,
0930201106, 051498, 010544,  151.0,   8.11,
0930201105, 051498, 010404,  175.5,   9.97,
0940200623, 061798, 170413,    5.0,   7.23,
0940200619, 061798, 170012,   24.7,   7.23,
0940200615, 061798, 165613,   44.4,   7.13,
0940200611, 061798, 165157,   75.3,   7.23,
0940200608, 061798, 164826,  105.1,   7.63,
0940200606, 061798, 164613,  124.7,   8.59,
0940200605, 061798, 164453,  150.7,   9.19,
0940200604, 061798, 164335,  175.0,   8.90,
1220201117, 011701, 215140,   43.4,   6.08,
1220201112, 011701, 214840,   99.6,   6.88,
1220201110, 011701, 214635,  146.7,   6.88,