Hawaii Ocean Time-series : 11-Aug-2023 02:31:37
https://hahana.soest.hawaii.edu/hot/hot-dogs/bextraction.html

botid, date, time, press, no2, 
#, mmddyy, hhmmss, dbar, nmol/kg, 
0100201417, -00009, -00009,    8.2,    0.0,
0100201414, -00009, -00009,   27.0,    1.2,
0100201412, -00009, -00009,   47.9,    0.2,
0100201410, 092389, 201241,   78.4,    0.4,
0100201408, 092389, 201117,  104.5,    2.5,
0100201406, 092389, 201013,  129.2,  129.9,
0100201404, 092389, 200736,  155.9,   42.7,
0100201402, 092389, 200519,  181.0,   14.8,
0110201612, 101989, 214425,   86.7,    2.9,
0110201611, 101989, 214344,   96.5,    6.8,
0110201610, 101989, 214309,  106.4,  108.4,
0110201609, 101989, 214234,  116.8,  193.3,
0110201608, 101989, 214149,  129.7,  102.5,
0110201607, 101989, 214059,  153.9,   31.2,
0120200613, 112889, 203245,    5.8,    0.2,
0120200612, 112889, 203153,   25.3,    1.4,
0120200611, 112889, 203109,   45.6,    0.8,
0120200610, 112889, 203027,   61.6,    0.2,
0120200609, 112889, 202949,   76.5,    0.4,
0120200608, 112889, 202912,   86.6,    0.7,
0120200607, 112889, 202834,   96.3,   42.7,
0120200606, 112889, 202758,  106.7,  131.0,
0120200605, 112889, 202715,  119.6,   65.5,
0120200604, 112889, 202629,  130.6,   48.5,
0120200603, 112889, 202534,  155.4,   30.2,
0120200602, 112889, 202436,  181.5,   12.4,
0130200414, 010590, 050844,   14.3,    0.4,
0130200412, 010590, 050628,   34.0,    0.1,
0130200411, 010590, 050532,   45.8,    0.3,
0130200410, 010590, 050424,   60.0,    0.5,
0130200409, 010590, 050321,   75.5,    0.3,
0130200408, 010590, 050156,   85.6,    1.8,
0130200407, 010590, 050059,   95.1,   51.2,
0130200406, 010590, 045956,  105.9,   93.3,
0130200405, 010590, 045822,  117.3,  176.7,
0130200404, 010590, 045652,  126.9,   19.7,
0130200403, 010590, 045410,  136.8,   16.2,
0140201222, 021690, 174024,   14.0,    1.9,
0140201220, 021690, 173834,   34.9,   15.9,
0140201217, 021690, 173556,   75.6,   55.0,
0140201216, 021690, 173508,   85.3,   49.4,
0140201215, 021690, 173419,   96.4,  168.4,
0140201214, 021690, 173327,  105.9,  117.4,
0140201213, 021690, 173238,  115.6,  137.8,
0140201212, 021690, 173151,  125.4,  138.5,
0140201211, 021690, 173058,  135.7,   82.8,
0140201210, 021690, 172959,  151.0,   54.1,
0150200622, 031990, 082816,  126.9,   34.3,
0150200621, 031990, 082706,  137.2,  110.5,
0150200620, 031990, 082556,  151.7,   41.0,
0150200618, 031990, 082356,  177.8,   27.5,
0150200713, 031990, 114727,    5.6,    0.0,
0150200710, 031990, 114432,   35.1,    0.0,
0150200707, 031990, 114116,   75.1,    0.7,
0150200705, 031990, 113852,   99.0,    1.5,
0160200623, 041390, 061646,   81.5,    0.0,
0160200622, 041390, 061446,  117.3,   20.5,
0160200621, 041390, 061327,  128.7,   10.7,
0160200620, 041390, 061157,  137.0,   72.3,
0160200619, 041390, 061027,  152.2,  139.6,
0160200618, 041390, 060917,  162.4,  145.5,
0160200617, 041390, 060801,  178.8,   93.7,
0160200616, 041390, 060623,  190.6,   72.3,
0160200714, 041390, 091344,    6.3,    4.6,
0160200710, 041390, 091046,   36.9,    0.2,
0160200708, 041390, 090901,   61.8,    0.6,
0160200706, 041390, 090709,   78.0,    0.1,
0160200704, 041390, 090513,  108.8,    1.2,
0170200521, 050990, 050823,   15.7,    1.4,
0170200520, 050990, 050727,   26.9,    0.1,
0170200518, 050990, 050615,   36.8,    0.0,
0170200517, 050990, 050442,   46.4,    0.0,
0170200516, 050990, 050338,   62.7,    0.2,
0170200515, 050990, 050235,   77.4,    0.3,
0170200514, 050990, 050140,   87.4,    0.1,
0170200513, 050990, 050027,   97.9,    1.6,
0170200512, 050990, 045923,  106.8,    0.2,
0170200511, 050990, 045819,  118.0,    0.1,
0170200510, 050990, 045652,  129.9,   52.8,
0170200509, 050990, 045459,  137.0,   74.4,
0170200507, 050990, 045316,  154.4,   46.2,
0170200505, 050990, 045055,  182.3,   19.9,
0180200522, 061390, 071330,    5.2,    2.4,
0180200520, 061390, 071021,   26.2,    0.0,
0180200517, 061390, 070813,   45.6,    0.3,
0180200515, 061390, 070606,   76.0,    1.2,
0180200513, 061390, 070415,   96.7,    0.7,
0180200512, 061390, 070321,  106.9,    2.2,
0180200511, 061390, 070223,  117.2,    2.2,
0180200510, 061390, 070127,  127.1,   74.8,
0180200509, 061390, 070024,  137.2,   46.3,
0180200508, 061390, 065914,  144.4,   37.9,
0180200507, 061390, 065807,  154.2,   97.8,
0180200506, 061390, 065700,  165.6,   29.0,
0180200505, 061390, 065543,  181.8,   19.0,
0180200715, 061390, 135200,  110.8,   79.2,
0180200714, 061390, 135032,  122.3,   27.6,
0180200713, 061390, 134941,  126.6,   26.5,
0180200712, 061390, 134844,  131.8,   25.5,
0180200711, 061390, 134759,  136.8,   30.1,
0180200710, 061390, 134709,  142.2,   24.7,
0180200709, 061390, 134622,  148.1,   23.5,
0180200708, 061390, 134539,  153.3,   30.7,
0180200707, 061390, 134451,  158.5,   21.9,
0180200706, 061390, 134353,  164.7,   20.5,
0180200705, 061390, 134306,  169.7,   18.2,
0180200704, 061390, 134214,  179.8,   15.7,
0180201214, 061490, 043340,   87.7,    0.0,
0180201213, 061490, 043210,  112.1,   41.8,
0180201212, 061490, 043105,  124.0,   39.7,
0180201211, 061490, 043015,  128.4,   35.8,
0180201210, 061490, 042930,  133.6,   35.0,
0180201209, 061490, 042834,  138.6,   33.9,
0180201208, 061490, 042745,  144.2,   35.7,
0180201207, 061490, 042657,  148.8,   31.7,
0180201206, 061490, 042611,  153.1,   28.8,
0180201205, 061490, 042518,  160.2,   23.3,
0180201204, 061490, 042358,  166.0,   22.9,
0180201203, 061490, 042252,  172.1,   21.1,
0180201202, 061490, 042149,  182.8,   17.2,
0190201520, 072690, 134130,   79.5,    4.0,
0190201519, 072690, 134049,   87.5,    6.3,
0190201517, 072690, 133929,   95.9,    0.4,
0190201516, 072690, 133842,   99.7,    0.2,
0190201515, 072690, 133801,  107.4,    3.9,
0190201514, 072690, 133705,  112.8,   46.0,
0190201513, 072690, 133623,  118.2,   76.9,
0190201511, 072690, 133438,  127.7,  104.1,
0190201510, 072690, 133353,  133.6,  178.1,
0190201509, 072690, 133312,  137.1,  184.4,
0190201508, 072690, 133231,  143.8,  194.4,
0190201507, 072690, 133142,  147.6,  170.3,
0190201506, 072690, 133054,  152.9,   44.8,
0190201505, 072690, 133011,  157.1,   27.7,
0190201504, 072690, 132913,  165.4,   31.0,
0190201503, 072690, 132740,  170.9,   21.8,
0190201920, 072790, 015226,   25.8,    0.0,
0190201919, 072790, 014909,   76.3,    0.1,
0190201917, 072790, 014824,   76.4,    0.0,
0190201916, 072790, 014801,   76.4,    0.0,
0190201915, 072790, 014537,  102.2,    1.7,
0190201914, 072790, 014515,  102.4,    4.5,
0190201913, 072790, 014456,  102.2,    6.6,
0190201911, 072790, 014318,  106.8,   57.6,
0190201910, 072790, 014219,  111.9,  114.6,
0190201909, 072790, 014039,  117.0,  125.8,
0190201908, 072790, 013929,  122.0,  119.0,
0190201907, 072790, 013826,  126.8,  103.5,
0190201906, 072790, 013714,  132.4,   41.8,
0190201905, 072790, 013531,  137.6,   39.5,
0190201904, 072790, 013416,  142.7,   39.7,
0190201903, 072790, 013144,  147.5,   46.8,
0190201902, 072790, 012947,  153.6,   49.2,
0190201901, 072790, 012658,  167.3,   24.0,
0220200623, 121890, 110305,   78.2,    0.6,
0220200622, 121890, 110201,   88.1,   22.8,
0220200621, 121890, 110112,   92.9,   69.3,
0220200620, 121890, 110018,   96.9,   77.8,
0220200618, 121890, 105907,  103.7,   51.9,
0220200617, 121890, 105813,  108.5,   42.6,
0220200616, 121890, 105722,  113.6,   34.7,
0220200615, 121890, 105627,  117.6,   32.5,
0220200614, 121890, 105536,  122.5,   31.2,
0220200613, 121890, 105447,  126.5,   30.9,
0220200612, 121890, 105402,  132.3,   24.6,
0220200611, 121890, 105311,  138.0,   20.5,
0220200610, 121890, 105217,  143.3,   18.8,
0220200609, 121890, 105125,  147.2,   17.6,
0220200608, 121890, 105031,  151.9,   16.0,
0220200607, 121890, 104932,  157.7,   13.2,
0220200606, 121890, 104830,  160.5,   14.0,
0220200605, 121890, 104721,  169.2,   14.4,
0220200604, 121890, 104624,  172.8,   11.7,
0220200603, 121890, 104507,  180.1,   13.5,
0220200820, 121890, 194147,   77.9,    0.4,
0220200819, 121890, 194040,  102.4,   86.2,
0220200818, 121890, 193945,  115.0,   49.5,
0220200817, 121890, 193902,  119.7,   38.0,
0220200816, 121890, 193816,  123.3,   31.6,
0220200815, 121890, 193724,  127.1,   32.4,
0220200814, 121890, 193643,  131.6,   30.9,
0220200813, 121890, 193602,  137.4,   28.0,
0220200812, 121890, 193520,  144.7,   26.1,
0220200811, 121890, 193437,  149.6,   22.8,
0220200810, 121890, 193350,  155.6,   22.4,
0220200809, 121890, 193310,  159.7,   21.4,
0220200808, 121890, 193233,  164.4,   25.0,
0220200807, 121890, 193152,  169.4,   23.2,
0220200806, 121890, 193108,  175.5,   19.7,
0220200805, 121890, 193007,  182.8,   14.6,
0220201020, 121990, 023615,   77.4,    0.5,
0220201019, 121990, 023524,   87.6,   23.1,
0220201018, 121990, 023441,   97.7,   75.0,
0220201016, 121990, 023313,  109.5,   53.8,
0220201015, 121990, 023226,  113.6,   52.0,
0220201014, 121990, 023138,  118.9,   30.7,
0220201013, 121990, 023101,  124.5,   27.3,
0220201011, 121990, 022937,  133.2,   29.4,
0220201009, 121990, 022802,  142.2,   25.5,
0220201008, 121990, 022703,  147.1,   22.1,
0220201007, 121990, 022619,  153.7,   23.2,
0220201006, 121990, 022503,  168.1,   13.1,
0220201005, 121990, 022356,  183.8,   11.9,
0220201219, 121990, 163657,  102.3,    4.3,
0220201218, 121990, 163606,  107.3,   45.2,
0220201217, 121990, 163526,  112.6,   80.8,
0220201216, 121990, 163434,  118.8,   90.4,
0220201214, 121990, 163324,  127.2,   31.7,
0220201213, 121990, 163247,  131.3,   32.4,
0220201212, 121990, 163208,  136.7,   29.1,
0220201211, 121990, 163128,  141.7,   27.4,
0220201210, 121990, 163050,  146.3,   29.6,
0220201209, 121990, 163001,  152.3,   30.5,
0220201208, 121990, 162916,  159.5,   29.0,
0220201207, 121990, 162836,  165.7,   18.5,
0220201206, 121990, 162738,  173.6,   18.0,
0230200323, 020391, 081547,    6.0,    0.1,
0230200320, 020391, 081311,   26.1,    0.1,
0230200318, 020391, 081152,   36.0,    0.0,
0230200317, 020391, 081055,   49.6,    0.0,
0230200316, 020391, 080922,   62.1,    0.0,
0230200315, 020391, 080754,   75.6,    0.0,
0230200314, 020391, 080650,   88.4,    0.3,
0230200313, 020391, 080536,   99.1,    0.1,
0230200312, 020391, 080427,  107.3,    0.2,
0230200311, 020391, 080314,  118.2,    0.6,
0230200310, 020391, 080211,  128.5,    2.5,
0230200309, 020391, 080056,  139.0,   64.6,
0230200308, 020391, 075909,  154.8,   43.9,
0230200306, 020391, 075620,  182.3,   21.7,
0240200222, 030791, 032447,  113.5,   27.2,
0240200221, 030791, 032344,  119.2,   49.8,
0240200220, 030791, 032226,  129.0,   58.7,
0240200219, 030791, 032130,  136.8,   37.8,
0240200218, 030791, 032000,  144.5,   45.3,
0240200217, 030791, 031842,  148.8,   25.1,
0240200216, 030791, 031712,  153.4,   27.1,
0240200317, 030791, 190535,   77.9,    0.3,
0240200316, 030791, 190349,   87.8,    1.7,
0240200315, 030791, 190202,  106.7,    0.5,
0240200314, 030791, 190048,  107.0,   12.1,
0240200313, 030791, 185908,  127.4,   15.9,
0240200312, 030791, 185800,  127.4,   16.3,
0240200311, 030791, 185700,  129.3,   41.5,
0240200310, 030791, 185500,  139.8,   69.2,
0240200309, 030791, 185400,  155.2,   52.5,
0240200308, 030791, 185100,  159.8,   41.7,
0240200307, 030791, 185000,  175.6,   27.2,
0250200223, 040991, 221520,   43.9,    0.0,
0250200222, 040991, 221351,   92.1,    0.3,
0250200221, 040991, 221249,  108.3,   44.9,
0250200220, 040991, 221108,  163.7,   75.5,
0250200219, 040991, 221001,  187.0,   21.3,
0260200722, 050991, 122528,   25.4,    0.0,
0260200721, 050991, 122420,   47.7,    0.1,
0260200720, 050991, 122246,   80.5,    0.1,
0260200719, 050991, 122028,  104.5,    0.0,
0260200718, 050991, 121830,  113.5,    0.0,
0260200717, 050991, 121752,  114.5,    0.0,
0260200716, 050991, 121705,  125.7,    0.0,
0260200715, 050991, 121613,  132.2,    0.0,
0260200714, 050991, 121527,  134.9,    0.0,
0260200713, 050991, 121435,  138.9,    0.0,
0260200712, 050991, 121344,  140.6,    9.2,
0260200709, 050991, 121247,  140.8,   17.4,
0260200708, 050991, 121058,  143.0,   24.9,
0260200707, 050991, 120937,  152.2,   57.6,
0260200706, 050991, 120648,  157.5,  102.8,
0260200705, 050991, 120548,  162.3,  130.5,
0260200704, 050991, 120456,  170.1,  182.5,
0260200703, 050991, 120355,  179.9,  169.8,
0260201123, 051091, 051805,    6.2,    4.0,
0260201122, 051091, 051717,   15.8,    2.7,
0260201121, 051091, 051631,   25.3,    4.0,
0260201120, 051091, 051444,   75.0,    3.2,
0260201119, 051091, 051347,   96.1,    1.4,
0260201118, 051091, 051309,  105.7,    1.6,
0260201117, 051091, 051159,  115.5,    5.3,
0260201116, 051091, 051111,  125.5,    3.2,
0260201115, 051091, 051030,  135.3,    1.5,
0260201114, 051091, 050922,  145.7,   11.1,
0260201113, 051091, 050836,  150.7,   21.2,
0260201112, 051091, 050741,  156.5,  137.6,
0260201111, 051091, 050631,  161.6,  151.1,
0260201110, 051091, 050506,  167.6,  197.2,
0260201109, 051091, 050420,  172.5,  184.9,
0260201108, 051091, 050328,  179.6,  190.4,
0260201107, 051091, 050230,  185.7,  126.2,
0260201106, 051091, 050125,  190.8,   58.9,
0270200923, 060591, 180602,   47.2,    0.0,
0270200922, 060591, 180455,   61.1,    0.0,
0270200921, 060591, 180352,   76.1,    2.5,
0270200920, 060591, 180253,   90.9,    4.2,
0270200919, 060591, 180149,  100.6,    0.0,
0270200918, 060591, 180100,  105.9,    0.0,
0270200917, 060591, 180018,  111.3,    0.1,
0270200916, 060591, 175931,  117.0,    6.1,
0270200915, 060591, 175844,  121.4,    9.1,
0270200914, 060591, 175801,  127.8,   77.2,
0270200913, 060591, 175713,  134.0,  123.0,
0270200912, 060591, 175626,  139.4,  147.5,
0270200911, 060591, 175544,  143.5,  155.5,
0270200910, 060591, 175501,  148.7,  120.8,
0270200909, 060591, 175418,  154.2,   76.7,
0270200908, 060591, 175327,  160.6,   46.9,
0270200907, 060591, 175243,  171.6,   21.9,
0270200906, 060591, 175144,  171.6,   21.7,
0270200905, 060591, 175049,  183.0,   21.0,
0270200904, 060591, 174953,  191.3,   15.1,
0270201323, 060691, 052014,   26.9,    0.0,
0270201322, 060691, 051905,   42.1,    0.0,
0270201321, 060691, 051726,   80.3,    0.0,
0270201320, 060691, 051622,  105.0,    0.0,
0270201319, 060691, 051539,  114.7,    0.0,
0270201318, 060691, 051504,  120.3,    1.9,
0270201316, 060691, 051410,  124.4,    0.0,
0270201315, 060691, 051346,  123.7,    0.1,
0270201314, 060691, 051321,  123.4,    0.1,
0270201312, 060691, 051148,  134.2,   31.1,
0270201311, 060691, 051059,  139.9,  147.4,
0270201310, 060691, 051017,  144.7,  180.9,
0270201309, 060691, 050937,  150.6,   74.3,
0270201308, 060691, 050857,  154.6,   51.7,
0270201307, 060691, 050820,  160.9,   24.8,
0270201306, 060691, 050634,  169.0,   24.2,
0270201305, 060691, 050528,  183.8,   16.1,
0270201304, 060691, 050356,  192.5,   16.2,
0280201114, 071191, 130425,   75.7,    0.3,
0280201113, 071191, 130317,   83.7,    0.2,
0280201112, 071191, 130201,   95.6,    2.0,
0280201111, 071191, 130109,  101.5,    0.2,
0280201110, 071191, 130018,  106.2,    1.7,
0280201109, 071191, 125918,  113.2,    4.3,
0280201108, 071191, 125814,  117.4,    8.8,
0280201107, 071191, 125711,  122.3,   22.5,
0280201106, 071191, 125536,  129.0,   81.1,
0280201105, 071191, 125418,  138.6,  147.1,
0280201104, 071191, 125247,  150.5,   43.3,
0280201103, 071191, 125034,  181.0,   25.3,
0280201518, -00009, -00009,   86.1,    5.8,
0280201517, -00009, -00009,   94.4,    4.4,
0280201516, -00009, -00009,  100.1,    6.1,
0280201515, 071291, 033705,  105.8,    4.9,
0280201514, 071291, 033303,  110.2,    6.2,
0280201513, 071291, 033204,  115.4,    0.6,
0280201512, 071291, 033104,  120.7,    4.4,
0280201511, 071291, 033010,  126.8,   10.4,
0280201510, 071291, 032919,  139.3,   34.3,
0280201509, 071291, 032821,  146.9,   72.8,
0280201508, 071291, 032721,  180.7,   52.1,
0310200623, 102191, 143934,    5.5,    0.1,
0310200622, 102191, 143809,   25.8,    0.9,
0310200621, 102191, 143656,   45.2,    0.0,
0310200620, 102191, 143518,   85.6,    3.4,
0310200619, 102191, 143408,  101.3,    9.0,
0310200618, 102191, 143307,  111.7,   81.1,
0310200617, 102191, 143157,  115.6,   91.0,
0310200616, 102191, 143101,  121.8,  138.4,
0310200615, 102191, 143015,  126.0,  161.8,
0310200613, 102191, 142853,  131.0,  124.0,
0310200611, 102191, 142741,  136.3,   97.2,
0310200610, 102191, 142637,  141.2,   95.8,
0310200608, 102191, 142502,  151.6,  128.1,
0310200606, 102191, 142335,  161.8,  134.3,
0310200605, 102191, 142238,  172.2,  160.8,
0310200604, 102191, 142125,  183.3,   40.5,
0310200603, 102191, 142016,  195.5,   16.1,
0310201423, 102291, 132408,   11.6,    1.9,
0310201422, 102291, 132207,   40.7,    0.9,
0310201421, 102291, 132038,   76.5,    1.2,
0310201420, 102291, 131937,   91.6,    0.1,
0310201419, 102291, 131837,  100.8,    1.1,
0310201418, 102291, 131743,  111.5,    2.9,
0310201417, 102291, 131656,  116.5,    3.4,
0310201416, 102291, 131600,  121.9,    8.7,
0310201415, 102291, 131510,  126.7,   59.2,
0310201414, 102291, 131424,  131.8,  118.1,
0310201413, 102291, 131403,  131.8,  113.1,
0310201411, 102291, 131252,  137.3,  167.1,
0310201410, 102291, 131204,  142.2,  210.1,
0310201409, 102291, 131053,  154.2,   85.7,
0310201408, 102291, 131034,  154.2,   89.0,
0310201406, 102291, 130917,  163.8,   65.1,
0310201405, 102291, 130823,  173.0,   77.2,
0310201404, 102291, 130713,  184.6,  110.6,
0340200918, 021592, 025635,    6.5,    1.7,
0340200917, 021592, 025438,   52.2,    1.8,
0340200916, 021592, 025318,   77.8,    3.4,
0340200915, 021592, 025150,  103.6,   15.9,
0340200914, 021592, 025029,  113.3,   86.4,
0340200913, 021592, 024930,  123.5,  107.1,
0340200910, 021592, 024752,  134.1,   56.0,
0340200909, 021592, 024655,  139.1,   35.5,
0340200908, 021592, 024602,  144.1,   28.5,
0340200907, 021592, 024458,  149.0,   25.9,
0340200906, 021592, 024401,  158.9,   21.2,
0340200905, 021592, 024305,  168.9,   15.2,
0340200904, 021592, 024207,  178.9,   15.1,
0360201520, -00009, -00009,    7.4,    0.0,
0360201519, -00009, -00009,   27.4,    0.0,
0360201518, -00009, -00009,   48.1,    0.0,
0360201517, -00009, -00009,   78.2,    0.1,
0360201516, -00009, -00009,   93.9,    0.8,
0360201515, -00009, -00009,  104.1,   95.8,
0360201514, -00009, -00009,  114.4,   86.1,
0360201513, -00009, -00009,  124.4,   61.8,
0360201511, -00009, -00009,  145.1,   26.4,
0360201510, -00009, -00009,  149.2,   21.8,
0360201509, -00009, -00009,  154.8,   18.8,
0360201508, -00009, -00009,  159.2,   16.4,
0360201507, -00009, -00009,  164.3,   16.3,
0360201506, -00009, -00009,  168.7,   14.9,
0360201505, -00009, -00009,  177.9,   13.0,
0360201504, -00009, -00009,  189.1,    9.2,
0380200622, 070592, 083712,    8.6,    0.5,
0380200618, 070592, 083455,   28.4,    0.5,
0380200615, 070592, 083238,   63.5,    0.0,
0380200612, 070592, 083018,   97.5,    0.7,
0380200610, 070592, 082805,  118.1,    0.1,
0380200609, 070592, 082709,  129.3,    5.2,
0380200608, 070592, 082613,  139.0,   74.6,
0380200607, 070592, 082522,  153.9,   45.6,
0380200605, 070592, 082338,  178.1,   34.0,
0400201621, -00009, -00009,   26.0,    0.0,
0400201620, -00009, -00009,   58.9,    1.5,
0400201619, -00009, -00009,   90.1,    0.1,
0400201618, -00009, -00009,  100.2,    0.7,
0400201617, -00009, -00009,  110.3,    1.3,
0400201616, -00009, -00009,  114.7,   12.6,
0400201615, -00009, -00009,  119.8,   47.1,
0400201614, -00009, -00009,  125.0,   75.1,
0400201613, -00009, -00009,  130.4,   87.2,
0400201612, -00009, -00009,  135.2,   53.8,
0400201611, -00009, -00009,  139.5,   38.7,
0400201610, -00009, -00009,  145.4,   39.4,
0400201609, -00009, -00009,  152.0,   44.2,
0400201608, -00009, -00009,  154.3,   42.0,
0400201607, -00009, -00009,  162.4,   30.4,
0400201606, -00009, -00009,  172.8,   32.1,
0400201605, -00009, -00009,  193.8,   22.2,
0410201622, -00009, -00009,    4.6,    1.7,
0410201621, -00009, -00009,   24.5,    0.6,
0410201620, -00009, -00009,   44.5,    1.2,
0410201619, -00009, -00009,   59.4,    0.3,
0410201618, -00009, -00009,   74.3,    0.3,
0410201617, -00009, -00009,   89.3,    1.1,
0410201616, -00009, -00009,   99.2,   10.8,
0410201615, -00009, -00009,  109.3,   88.9,
0410201614, -00009, -00009,  114.2,  103.4,
0410201613, -00009, -00009,  119.3,   72.2,
0410201612, -00009, -00009,  124.3,   45.0,
0410201611, -00009, -00009,  130.6,   36.8,
0410201610, -00009, -00009,  134.7,   34.3,
0410201609, -00009, -00009,  139.8,   33.4,
0410201608, -00009, -00009,  144.9,   32.0,
0410201607, -00009, -00009,  150.6,   29.3,
0410201606, -00009, -00009,  154.3,   26.8,
0410201605, -00009, -00009,  164.2,   20.1,
0410201604, -00009, -00009,  173.9,   15.9,
0410201603, -00009, -00009,  190.8,   13.9,
0420200112, -00009, -00009,  115.0,    5.5,
0420200109, -00009, -00009,  150.0,  219.6,
0420200108, -00009, -00009,  160.0,  133.9,
0420200107, -00009, -00009,  175.0,   21.3,
0420200106, -00009, -00009,  185.0,   26.1,
0420200105, -00009, -00009,  200.0,   82.0,
0420200212, -00009, -00009,    5.0,    0.4,
0420200210, -00009, -00009,   25.0,    0.3,
0420200208, -00009, -00009,   45.0,    0.3,
0420200206, -00009, -00009,   75.0,    0.1,
0420200204, -00009, -00009,   95.0,    2.1,
0420200203, -00009, -00009,  105.0,    7.6,
0420200202, -00009, -00009,  115.0,   91.2,
0420200201, -00009, -00009,  135.0,   90.4,
0430200612, -00009, -00009,    5.0,    0.2,
0430200610, -00009, -00009,   25.0,    0.3,
0430200608, -00009, -00009,   45.0,    0.8,
0430200606, -00009, -00009,   75.0,    0.2,
0430200604, -00009, -00009,   95.0,   61.8,
0430200603, -00009, -00009,  105.0,  117.9,
0430200602, -00009, -00009,  115.0,  146.5,
0430200601, -00009, -00009,  135.0,   58.4,
0430200712, -00009, -00009,  115.0,  133.4,
0430200711, -00009, -00009,  125.0,  138.3,
0430200710, -00009, -00009,  135.0,  111.9,
0430200709, -00009, -00009,  150.0,   45.6,
0430200708, -00009, -00009,  160.0,   36.4,
0430200707, -00009, -00009,  175.0,   26.9,
0430200706, -00009, -00009,  185.0,   21.1,
0430200705, -00009, -00009,  200.0,   20.6,
0440200812, 012093, 200615,    4.3,    0.0,
0440200810, 012093, 200347,   44.2,    0.0,
0440200808, 012093, 200114,   98.6,    0.2,
0440200807, 012093, 195958,  123.6,    2.0,
0440200806, 012093, 195830,  149.6,   34.7,
0440200805, 012093, 195657,  174.1,   14.8,
0440201707, 012293, 000609,  123.4,   37.1,
0440201706, 012293, 000412,  147.7,   17.1,
0440201705, 012293, 000231,  180.4,   12.1,
0450201623, -00009, -00009,    5.7,    0.5,
0450201622, -00009, -00009,   29.8,    0.4,
0450201621, -00009, -00009,   55.5,    0.3,
0450201620, -00009, -00009,   81.0,   23.3,
0450201619, -00009, -00009,   90.4,   20.8,
0450201618, 021893, 114557,  110.3,    3.2,
0450201617, 021893, 114351,  121.2,   70.5,
0450201616, 021893, 114205,  130.7,   15.9,
0450201615, 021893, 114026,  140.2,   33.0,
0450201614, 021893, 113917,  155.6,   17.1,
0450201613, 021893, 113818,  162.2,   14.9,
0450201612, 021893, 113723,  174.0,   15.4,
0460200323, 041493, 071322,    3.8,    0.0,
0460200320, 041493, 071013,   26.0,    0.1,
0460200318, 041493, 070831,   44.4,    0.0,
0460200315, 041493, 070547,   85.4,    0.0,
0460200313, 041493, 070356,  104.9,    0.1,
0460200312, 041493, 070245,  115.0,   22.1,
0460200311, 041493, 070154,  125.0,   45.3,
0460200310, 041493, 070057,  134.9,  118.4,
0460200309, 041493, 065937,  150.4,  138.0,
0460200307, 041493, 065652,  176.2,  103.6,
0460200305, 041493, 065418,  196.2,   29.4,
0470200924, 052193, 020723,    6.5,    0.2,
0470200920, 052193, 020352,   24.5,    0.8,
0470200918, 052193, 020124,   45.0,    1.3,
0470200915, 052193, 015715,   85.0,    3.9,
0470200913, 052193, 015432,  106.3,    1.7,
0470200912, 052193, 015321,  116.4,    0.6,
0470200911, 052193, 015212,  124.5,    0.5,
0470200910, 052193, 015057,  134.8,   23.5,
0470200909, 052193, 014941,  150.1,   64.1,
0470200907, 052193, 014625,  176.4,   24.0,
0490200723, 091493, 063900,    5.4,    0.3,
0490200721, 091493, 063459,   25.6,    0.5,
0490200717, 091493, 062724,   61.4,    0.3,
0490200714, 091493, 062137,   96.4,    0.4,
0490200712, 091493, 061805,  116.2,    2.1,
0490200710, 091493, 061437,  125.6,    7.7,
0490200708, 091493, 061111,  136.3,  105.5,
0490200707, 091493, 060857,  154.2,   50.5,
0490200705, 091493, 060454,  177.7,   17.2,
0500200124, 102893, 122310,    4.6,    0.0,
0500200123, 102893, 122052,   12.4,    0.0,
0500200122, 102893, 121953,   21.6,    0.0,
0500200120, 102893, 121753,   41.2,    0.1,
0500200119, 102893, 121640,   51.6,    0.0,
0500200118, 102893, 121514,   64.0,    0.1,
0500200117, 102893, 121402,   70.1,    0.0,
0500200116, 102893, 121238,   78.4,    0.0,
0500200115, 102893, 121118,   88.2,    0.0,
0500200114, 102893, 121009,  100.5,    0.0,
0500200113, 102893, 120855,  110.4,   29.5,
0500200112, 102893, 120740,  120.3,  101.8,
0500200111, 102893, 120624,  130.6,   85.3,
0500200110, 102893, 120519,  140.7,   32.3,
0500200109, 102893, 120403,  150.8,   23.7,
0500200108, 102893, 120248,  161.2,   20.4,
0500200107, 102893, 120129,  172.9,   16.5,
0500200106, 102893, 120021,  182.1,   13.6,
0500200105, 102893, 115630,  184.1,   12.6,
0500200104, 102893, 115432,  198.3,    7.6,
0500201524, 103093, 114215,    6.4,    0.0,
0500201523, 103093, 114110,   16.0,    0.0,
0500201522, 103093, 114015,   26.0,    0.2,
0500201521, 103093, 113853,   46.1,    0.0,
0500201520, 103093, 113741,   60.3,    0.0,
0500201519, 103093, 113621,   75.4,    0.1,
0500201518, 103093, 113449,   85.4,    0.1,
0500201517, 103093, 113331,   95.9,    0.4,
0500201516, 103093, 113227,  105.8,    9.6,
0500201515, 103093, 113120,  115.9,  142.5,
0500201514, 103093, 113012,  125.8,   55.6,
0500201513, 103093, 112904,  134.9,   27.4,
0500201512, 103093, 112800,  144.8,   21.7,
0500201511, 103093, 112653,  155.2,   19.2,
0500201510, 103093, 112543,  165.5,   13.6,
0500201509, 103093, 112435,  175.3,   10.7,
0500201508, 103093, 112322,  185.6,    9.2,
0500201507, 103093, 112217,  194.6,    5.9,
0520201124, 021894, 020158,    3.8,    0.0,
0520201122, 021894, 020029,   13.7,    0.0,
0520201120, 021894, 015849,   25.3,    0.2,
0520201118, 021894, 015619,   34.5,    0.0,
0520201117, 021894, 015514,   44.6,    0.1,
0520201116, 021894, 015411,   54.4,    0.1,
0520201115, 021894, 015314,   64.4,    0.8,
0520201114, 021894, 015215,   74.7,    6.3,
0520201113, 021894, 015122,   84.5,    0.1,
0520201112, 021894, 015032,   94.7,    0.2,
0520201111, 021894, 014933,  104.7,    0.3,
0520201110, 021894, 014837,  114.7,    0.3,
0520201109, 021894, 014727,  125.8,    0.3,
0520201108, 021894, 014603,  149.8,   61.6,
0520201107, 021894, 014457,  169.8,   28.1,
0520201106, 021894, 014352,  189.4,   17.1,
0520201924, 021994, 030943,    8.3,    0.0,
0520201923, 021994, 030833,   25.0,    0.0,
0520201922, 021994, 030721,   35.2,    0.3,
0520201921, 021994, 030611,   45.0,    0.5,
0520201920, 021994, 030515,   55.2,    0.1,
0520201919, 021994, 030408,   65.2,   11.9,
0520201918, 021994, 030257,   75.3,   21.4,
0520201917, 021994, 030143,   85.1,   26.7,
0520201916, 021994, 030037,   96.4,    7.9,
0520201915, 021994, 025910,  111.1,   77.4,
0520201914, 021994, 025804,  121.4,   80.8,
0520201913, 021994, 025706,  128.9,   56.7,
0520201912, 021994, 025600,  143.8,   33.6,
0520201911, 021994, 025456,  159.3,   15.1,
0520201910, 021994, 025324,  184.7,   11.2,
0520201909, 021994, 025212,  199.6,    9.6,
0570201924, 092594, 053549,    5.0,    0.6,
0570201923, 092594, 053425,   24.6,    0.0,
0570201922, 092594, 053211,   75.0,    0.2,
0570201921, 092594, 053106,   90.3,    0.4,
0570201920, 092594, 052945,   99.4,    0.4,
0570201919, 092594, 052840,  104.5,    0.3,
0570201918, 092594, 052731,  109.9,    0.0,
0570201917, 092594, 052643,  115.2,    0.8,
0570201916, 092594, 052604,  119.2,    7.3,
0570201915, 092594, 052509,  125.1,  212.6,
0570201914, 092594, 052418,  130.3,  238.1,
0570201913, 092594, 052325,  135.6,  224.1,
0570201912, 092594, 052226,  140.7,   72.3,
0570201911, 092594, 052142,  144.8,   25.4,
0570201910, 092594, 052057,  149.6,   32.1,
0570201909, 092594, 052016,  154.7,   36.4,
0570201908, 092594, 051924,  159.5,   37.1,
0570201907, 092594, 051818,  170.1,   30.5,
0570201906, 092594, 051656,  184.6,   25.1,