Hawaii Ocean Time-series : 07-Sep-2023 04:06:15
https://hahana.soest.hawaii.edu/hot/hot-dogs/bextraction.html

botid, date, time, press, pp, 
#, mmddyy, hhmmss, dbar, nmol/kg, 
2360200621, 110511, 065107,    4.8,   18.3,
2360200619, 110511, 064957,   24.4,   14.2,
2360200617, 110511, 064852,   44.3,   17.0,
2360200615, 110511, 064738,   76.2,   16.1,
2360200613, 110511, 064627,   99.6,    8.5,
2360200611, 110511, 064517,  124.3,    6.9,
2360200610, 110511, 064413,  149.0,    6.6,
2360200607, 110511, 064257,  173.5,    4.4,
2360200606, 110511, 064142,  199.8,    6.3,
2370200321, 112911, 055859,    4.9,   17.7,
2370200319, 112911, 055733,   25.8,   16.1,
2370200315, 112911, 055434,   76.3,   16.4,
2370200313, 112911, 055302,  100.4,   16.4,
2370200311, 112911, 055131,  124.4,   22.7,
2370200309, 112911, 055008,  152.2,    6.3,
2370200307, 112911, 054832,  174.2,    6.0,
2370200306, 112911, 054659,  195.0,    6.0,
2380200522, 122011, 032354,    4.7,   16.4,
2380200521, 122011, 032142,   24.2,   15.1,
2380200520, 122011, 032008,   45.0,   16.1,
2380200519, 122011, 031807,   74.8,   13.9,
2380200518, 122011, 031608,  101.5,   15.4,
2380200517, 122011, 031428,  123.9,   11.0,
2380200515, 122011, 031228,  149.5,    4.7,
2380200514, 122011, 031028,  174.5,    4.4,
2390200614, 011912, 032601,    5.3,   16.1,
2390200613, 011912, 032441,   24.5,   10.4,
2390200612, 011912, 032331,   45.3,   15.4,
2390200611, 011912, 032215,   73.4,   14.5,
2390200610, 011912, 032055,   99.8,   12.9,
2390200609, 011912, 031936,  126.3,   10.7,
2390200608, 011912, 031811,  149.2,    6.0,
2390200607, 011912, 031650,  175.7,    4.4,
2400200617, 032612, 010931,    5.5,   14.5,
2400200615, 032612, 010511,   25.1,   13.6,
2400200614, 032612, 010337,   45.4,   15.4,
2400200613, 032612, 010146,   75.4,   14.2,
2400200612, 032612, 010023,   99.3,   12.9,
2400200611, 032612, 005842,  124.3,    7.6,
2400200610, 032612, 005706,  150.1,    1.6,
2400200609, 032612, 005536,  174.3,    1.6,
2400200608, 032612, 005412,  200.0,    0.6,
2410200514, 050212, 041645,    5.1,   14.8,
2410200513, 050212, 041509,   25.1,   14.2,
2410200512, 050212, 041345,   46.1,   18.9,
2410200511, 050212, 041200,   76.1,   14.2,
2410200509, 050212, 040845,  125.1,   12.0,
2410200508, 050212, 040705,  149.8,    7.6,
2410200507, 050212, 040525,  176.5,    6.0,
2420200521, 053112, 042102,    5.5,   14.2,
2420200519, 053112, 041917,   25.4,   16.1,
2420200517, 053112, 041747,   44.5,   17.0,
2420200515, 053112, 041557,   74.6,   15.4,
2420200513, 053112, 041402,  100.6,   17.0,
2420200511, 053112, 041228,  125.2,   11.3,
2420200509, 053112, 041037,  150.8,   10.1,
2420200507, 053112, 040857,  175.9,    7.3,
2430200521, 062712, 072827,    5.7,    8.2,
2430200519, 062712, 072524,   25.6,   16.4,
2430200517, 062712, 072304,   44.5,   19.2,
2430200515, 062712, 072058,   73.8,   11.7,
2430200513, 062712, 071900,  100.5,   14.2,
2430200511, 062712, 071729,  125.3,   13.6,
2430200509, 062712, 071548,  148.5,    7.3,
2430200507, 062712, 071403,  175.0,    5.7,
2430200506, 062712, 071236,  199.5,    5.4,
2440200614, 080112, 040246,   10.4,   15.1,
2440200613, 080112, 040112,   25.7,   15.4,
2440200612, 080112, 035947,   45.6,   16.7,
2440200611, 080112, 035807,   75.3,   18.9,
2440200610, 080112, 035617,  100.4,   17.0,
2440200609, 080112, 035452,  125.4,   12.9,
2440200608, 080112, 035312,  150.0,    9.5,
2440200607, 080112, 035132,  175.0,    7.3,
2450200514, 081812, 040104,    5.4,   16.7,
2450200513, 081812, 035915,   25.4,   17.7,
2450200512, 081812, 035740,   45.2,   20.2,
2450200511, 081812, 035600,   75.4,   18.6,
2450200510, 081812, 035404,  100.1,   13.2,
2450200509, 081812, 035230,  125.0,   14.5,
2450200508, 081812, 035110,  150.5,   11.3,
2450200507, 081812, 034935,  175.2,    7.9,
2460200515, 091512, 040732,   25.2,   15.4,
2460200514, 091512, 040540,   45.3,   15.1,
2460200513, 091512, 040324,   74.9,   17.3,
2460200512, 091512, 040133,  100.3,   12.9,
2460200509, 091512, 035901,  125.4,   11.0,
2460200508, 091512, 035711,  150.5,    8.5,
2460200507, 091512, 035532,  175.5,    6.9,
2470200522, 100812, 041231,    5.3,   17.0,
2470200520, 100812, 041032,   25.4,   16.1,
2470200518, 100812, 040907,   45.6,   16.1,
2470200516, 100812, 040717,   74.7,   17.7,
2470200514, 100812, 040543,  100.3,   13.2,
2470200512, 100812, 040407,  124.4,    9.1,
2470200510, 100812, 040233,  149.6,    6.0,
2470200508, 100812, 040053,  174.6,    5.4,
2480200524, 120412, 062021,    6.9,   14.8,
2480200516, 120412, 061741,   25.6,   14.8,
2480200515, 120412, 061617,   43.3,   13.2,
2480200514, 120412, 061432,   76.3,   14.8,
2480200513, 120412, 061311,  100.1,   13.2,
2480200512, 120412, 061141,  124.8,    9.8,
2480200508, 120412, 060931,  150.2,    7.3,
2480200507, 120412, 060747,  176.6,    5.7,
2490200517, 021313, 041249,    7.7,   16.1,
2490200515, 021313, 040929,   24.7,   16.1,
2490200514, 021313, 040749,   44.6,   16.7,
2490200513, 021313, 040549,   74.3,   13.6,
2490200512, 021313, 040359,  100.7,   12.6,
2490200511, 021313, 040208,  125.4,   12.0,
2490200509, 021313, 035929,  150.8,    8.5,
2490200508, 021313, 035739,  176.3,    6.0,
2500200615, 030713, 035958,    6.0,   15.8,
2500200614, 030713, 035738,   26.1,   14.5,
2500200613, 030713, 035608,   45.5,   14.5,
2500200612, 030713, 035419,   74.8,   15.4,
2500200611, 030713, 035238,  100.2,   11.3,
2500200610, 030713, 035058,  126.1,   10.4,
2500200609, 030713, 034918,  150.8,    8.8,
2500200608, 030713, 034738,  175.9,    6.0,
2510200522, 040613, 040246,    5.3,   14.8,
2510200521, 040613, 040116,   25.9,   16.4,
2510200519, 040613, 035926,   45.8,   14.5,
2510200518, 040613, 035726,   75.7,   14.5,
2510200517, 040613, 035536,  101.0,   12.9,
2510200516, 040613, 035336,  125.5,   10.7,
2510200514, 040613, 035126,  150.9,    7.6,
2510200512, 040613, 034926,  175.8,    7.2,
2520200624, 051813, 040340,    7.1,   14.5,
2520200617, 051813, 040029,   25.3,   12.9,
2520200616, 051813, 035909,   46.0,   15.1,
2520200615, 051813, 035800,   74.6,   15.1,
2520200614, 051813, 035649,  100.8,   13.6,
2520200613, 051813, 035539,  124.9,   10.4,
2520200612, 051813, 035429,  149.2,    8.5,
2520200611, 051813, 035319,  174.7,    6.9,
2530200622, 062613, 040758,    6.9,   15.8,
2530200621, 062613, 040508,   25.5,   14.2,
2530200620, 062613, 040348,   45.5,   14.8,
2530200619, 062613, 040218,   74.6,   17.3,
2530200618, 062613, 040058,  100.5,   16.4,
2530200617, 062613, 035908,  125.7,   14.5,
2530200616, 062613, 035738,  149.9,   12.0,
2530200615, 062613, 035608,  176.3,    6.9,
2540200514, 091213, 040643,    7.3,   12.3,
2540200513, 091213, 040423,   25.6,   16.4,
2540200512, 091213, 040318,   45.9,   11.3,
2540200511, 091213, 040154,   74.9,   16.4,
2540200510, 091213, 040023,  100.4,   12.3,
2540200508, 091213, 035703,  149.2,    6.0,
2540200507, 091213, 035529,  176.2,    4.7,
2550200522, 100213, 041733,    7.0,   19.9,
2550200521, 100213, 041533,   24.9,   18.6,
2550200520, 100213, 041413,   44.9,   16.7,
2550200519, 100213, 041242,   75.0,   16.4,
2550200518, 100213, 041122,  101.6,   12.3,
2550200517, 100213, 040952,  126.2,    8.5,
2550200516, 100213, 040832,  150.2,    5.0,
2550200515, 100213, 040723,  174.5,    4.7,
2560200522, 102813, 040526,    7.0,   17.3,
2560200521, 102813, 040336,   25.7,   16.1,
2560200520, 102813, 040206,   45.2,   15.4,
2560200519, 102813, 040026,   75.8,   17.0,
2560200518, 102813, 035846,  100.0,   11.3,
2560200517, 102813, 035706,  125.5,    8.8,
2560200516, 102813, 035516,  150.2,    6.3,
2560200515, 102813, 035346,  175.2,    5.0,
2570200516, 112713, 032757,    5.9,   16.1,
2570200514, 112713, 032538,   25.2,   15.4,
2570200512, 112713, 032337,   44.9,   16.4,
2570200511, 112713, 032207,   75.1,   14.2,
2570200510, 112713, 032047,  100.9,    8.5,
2570200509, 112713, 031918,  125.1,    6.6,
2570200508, 112713, 031807,  149.8,    5.7,
2570200507, 112713, 031648,  175.8,    5.0,
2570200506, 112713, 031528,  199.5,    3.5,
2580200514, 122113, 040230,    7.7,   12.0,
2580200513, 122113, 040040,   25.0,   14.2,
2580200512, 122113, 035920,   44.7,   14.8,
2580200511, 122113, 035750,   75.3,   13.2,
2580200510, 122113, 035620,  101.4,   12.9,
2580200509, 122113, 035450,  125.3,    7.3,
2580200508, 122113, 035325,  150.6,    5.7,
2580200507, 122113, 035149,  176.1,    4.4,
2590200520, 011614, 035613,    6.5,   12.9,
2590200517, 011614, 035353,   25.2,   12.6,
2590200516, 011614, 035233,   45.7,   12.3,
2590200512, 011614, 034903,  100.5,    8.8,
2590200511, 011614, 034733,  124.9,   10.7,
2590200508, 011614, 034533,  150.3,    6.0,
2590200507, 011614, 034403,  175.3,    4.7,
2600200514, 021514, 042708,    5.6,   13.2,
2600200513, 021514, 042432,   25.2,   13.2,
2600200512, 021514, 042247,   49.0,   13.2,
2600200511, 021514, 042047,   76.3,   14.5,
2600200510, 021514, 041902,  101.8,   11.7,
2600200509, 021514, 041717,  125.0,    6.6,
2600200508, 021514, 041532,  150.7,    5.0,
2600200507, 021514, 041347,  176.1,    3.8,
2610200515, 030614, 043643,    5.6,   16.4,
2610200513, 030614, 043457,   26.0,   17.0,
2610200512, 030614, 043348,   45.3,   15.8,
2610200511, 030614, 043233,   74.7,   13.9,
2610200510, 030614, 043113,  100.7,   13.2,
2610200509, 030614, 042957,  123.9,   10.1,
2610200508, 030614, 042842,  150.8,    4.7,
2610200507, 030614, 042732,  175.4,    3.8,
2630200417, 060114, 041206,    5.4,   17.7,
2630200413, 060114, 040946,   26.0,   17.0,
2630200412, 060114, 040746,   46.8,   16.1,
2630200410, 060114, 040259,   99.8,   13.9,
2630200409, 060114, 040046,  126.2,   11.3,
2630200408, 060114, 035841,  150.8,    6.6,
2630200407, 060114, 035646,  174.8,    5.0,
2630200406, 060114, 035456,  199.1,    5.0,
2640200515, 070114, 035703,    5.3,   18.9,
2640200513, 070114, 035528,   24.9,   19.9,
2640200512, 070114, 035408,   44.9,   20.2,
2640200511, 070114, 035224,   74.0,   16.4,
2640200510, 070114, 035053,  100.0,   12.9,
2640200509, 070114, 034938,  125.0,   12.3,
2640200508, 070114, 034823,  149.9,    7.3,
2640200507, 070114, 034713,  174.4,    6.0,
2640200506, 070114, 034558,  199.9,    4.7,
2650200513, 091514, 040800,   24.8,   19.9,
2650200512, 091514, 040639,   44.4,   19.5,
2650200511, 091514, 040509,   75.2,   18.0,
2650200510, 091514, 040347,   99.9,   18.0,
2650200509, 091514, 040223,  124.6,   12.0,
2650200508, 091514, 040057,  150.3,    6.6,
2650200507, 091514, 035927,  174.4,    6.3,
2660200515, 101414, 040706,    6.4,   21.4,
2660200513, 101414, 040530,   25.3,   19.9,
2660200512, 101414, 040336,   45.5,   21.1,
2660200511, 101414, 040122,   74.1,   20.8,
2660200510, 101414, 035929,  101.5,   17.3,
2660200509, 101414, 035732,  125.5,   11.3,
2660200508, 101414, 035554,  149.7,    9.8,
2660200507, 101414, 035434,  174.1,    6.6,
2670200515, 112214, 033330,    4.5,   17.3,
2670200513, 112214, 033136,   24.9,   16.1,
2670200512, 112214, 032946,   44.8,   20.2,
2670200511, 112214, 032806,   75.0,   19.2,
2670200510, 112214, 032631,   99.9,   13.6,
2670200509, 112214, 032451,  124.6,   10.1,
2670200508, 112214, 032315,  149.7,    6.6,
2670200507, 112214, 032137,  176.6,    5.0,
2670200506, 112214, 031956,  199.1,    9.5,
2680200524, 121714, 070420,    5.7,   13.6,
2680200522, 121714, 070248,   25.0,   13.2,
2680200521, 121714, 070128,   44.9,   14.8,
2680200520, 121714, 065958,   74.6,   14.5,
2680200519, 121714, 065828,   99.9,   14.8,
2680200516, 121714, 065548,  124.6,    8.5,
2680200515, 121714, 065408,  150.5,    5.7,
2680200514, 121714, 065238,  174.8,    5.7,
2690200515, 022515, 041715,    5.3,   18.0,
2690200513, 022515, 041520,   24.5,   16.4,
2690200512, 022515, 041340,   45.4,   15.4,
2690200511, 022515, 041145,   75.3,   18.0,
2690200510, 022515, 040936,  103.9,   15.8,
2690200509, 022515, 040741,  122.0,   14.5,
2690200508, 022515, 040550,  150.5,   11.0,
2690200507, 022515, 040400,  175.9,    6.9,
2690200506, 022515, 040205,  197.8,    3.8,
2700200822, 033015, 174936,    4.6,   14.2,
2700200820, 033015, 174821,   24.6,   14.2,
2700200818, 033015, 174706,   45.1,   15.1,
2700200816, 033015, 174546,   74.3,   14.5,
2700200814, 033015, 174420,   98.8,   13.2,
2700200812, 033015, 174301,  125.6,   13.2,
2700200810, 033015, 174141,  150.3,    9.5,
2700200807, 033015, 173921,  199.8,    4.4,
2710200515, 042215, 040423,    7.5,   14.8,
2710200513, 042215, 040203,   24.9,   12.3,
2710200512, 042215, 040053,   43.9,   10.4,
2710200511, 042215, 035938,   74.8,    8.2,
2710200510, 042215, 035813,  100.3,   10.4,
2710200509, 042215, 035653,  124.9,    6.0,
2710200507, 042215, 035418,  174.3,    4.4,
2720200616, 052415, 040052,    5.5,   14.5,
2720200613, 052415, 035916,   25.2,   13.6,
2720200612, 052415, 035746,   44.7,   14.2,
2720200611, 052415, 035601,   76.9,   15.1,
2720200610, 052415, 035421,  100.1,   15.4,
2720200609, 052415, 035246,  125.3,   14.2,
2720200608, 052415, 035126,  150.1,   11.0,
2720200607, 052415, 035001,  176.9,    8.5,
2720200606, 052415, 034831,  199.5,    6.6,
2730200615, 062015, 035652,    6.8,   11.7,
2730200613, 062015, 035518,   25.4,   16.7,
2730200612, 062015, 035353,   45.1,   12.0,
2730200611, 062015, 035222,   75.4,   12.0,
2730200610, 062015, 035103,  100.0,   10.4,
2730200609, 062015, 034952,  124.6,    8.5,
2730200607, 062015, 034727,  174.2,    4.7,
2730200606, 062015, 034607,  199.6,    4.7,
2740200615, 072015, 041051,    5.8,   11.3,
2740200613, 072015, 040804,   25.4,   13.6,
2740200612, 072015, 040637,   45.8,   18.3,
2740200611, 072015, 040507,   75.3,   15.1,
2740200610, 072015, 040327,  101.6,    9.8,
2740200609, 072015, 040157,  126.7,   11.7,
2740200608, 072015, 040037,  151.6,    6.9,
2740200607, 072015, 035911,  175.7,    6.0,
2750200515, 081315, 040151,    5.1,   11.3,
2750200513, 081315, 040017,   24.9,   18.3,
2750200512, 081315, 035857,   45.0,   13.9,
2750200511, 081315, 035727,   74.5,   13.6,
2750200510, 081315, 035552,   99.9,   12.3,
2750200509, 081315, 035422,  127.2,   10.4,
2750200508, 081315, 035252,  151.4,    5.7,
2750200507, 081315, 035127,  174.0,    4.1,
2770200519, 101415, 041106,    5.8,   15.8,
2770200513, 101415, 040856,   24.9,   13.9,
2770200512, 101415, 040731,   45.1,   16.7,
2770200511, 101415, 040546,   76.0,   16.7,
2770200510, 101415, 040421,  100.0,   14.2,
2770200509, 101415, 040246,  124.9,    8.5,
2770200508, 101415, 040116,  151.1,    6.0,
2770200507, 101415, 035926,  176.5,   22.7,
2770200506, 101415, 035802,  199.5,    3.8,
2780200419, 111415, 043541,    5.8,   16.7,
2780200413, 111415, 043302,   24.6,   24.3,
2780200412, 111415, 043132,   45.2,   20.2,
2780200411, 111415, 042956,   74.9,   19.5,
2780200410, 111415, 042812,   99.1,   17.3,
2780200409, 111415, 042617,  124.4,    9.5,
2780200408, 111415, 042422,  152.0,    4.4,
2780200407, 111415, 042242,  177.7,    3.2,
2780200406, 111415, 042102,  199.2,    3.8,
2790200515, 120915, 032645,    4.7,    9.5,
2790200513, 120915, 032515,   25.2,   17.0,
2790200512, 120915, 032415,   45.5,   13.2,
2790200511, 120915, 032305,   73.9,   16.1,
2790200510, 120915, 032155,  100.0,   14.5,
2790200509, 120915, 032045,  124.1,    8.8,
2790200507, 120915, 031830,  174.9,    8.2,
2800200515, 011316, 040848,    8.5,   12.9,
2800200513, 011316, 040706,   25.1,   12.0,
2800200511, 011316, 040324,   76.5,   15.1,
2800200510, 011316, 040206,  100.1,   14.2,
2800200509, 011316, 040046,  125.9,    9.1,
2800200508, 011316, 035911,  150.9,    7.6,
2800200507, 011316, 035633,  176.5,    5.0,
2800200506, 011316, 035508,  199.2,    3.5,
2810200515, 021016, 040324,    6.7,   12.3,
2810200513, 021016, 040124,   27.0,   12.6,
2810200512, 021016, 035944,   46.6,   15.8,
2810200511, 021016, 035756,   75.9,   14.2,
2810200510, 021016, 035606,  101.2,   12.9,
2810200509, 021016, 035404,  125.7,   11.0,
2810200508, 021016, 035230,  149.7,   12.3,
2810200507, 021016, 035054,  175.6,    4.4,
2810200506, 021016, 034929,  199.9,   18.9,
2820200515, 030916, 035407,    5.9,   14.2,
2820200513, 030916, 035042,   23.8,   13.6,
2820200512, 030916, 034846,   44.8,   16.4,
2820200511, 030916, 034637,   76.4,   13.2,
2820200510, 030916, 034441,   99.8,   12.3,
2820200509, 030916, 034247,  125.7,    9.5,
2820200508, 030916, 034051,  149.8,    7.3,
2820200507, 030916, 033901,  174.9,    5.0,
2820200506, 030916, 033711,  199.3,   10.4,
2830200523, 041516, 041356,    6.0,   12.6,
2830200520, 041516, 041206,   26.3,   10.4,
2830200519, 041516, 041046,   43.5,   14.5,
2830200513, 041516, 040536,   99.1,   10.4,
2830200511, 041516, 040330,  124.8,   10.7,
2830200509, 041516, 040130,  150.6,    7.6,
2830200507, 041516, 035949,  175.5,    5.0,
2830200506, 041516, 035826,  200.0,   19.9,
2840200315, 052916, 040640,    5.4,   12.3,
2840200313, 052916, 040450,   25.0,   13.2,
2840200311, 052916, 040105,   75.3,   14.2,
2840200310, 052916, 035905,  100.5,   13.2,
2840200309, 052916, 035725,  125.0,    8.2,
2840200308, 052916, 035550,  150.3,    6.6,
2840200307, 052916, 035405,  175.7,    6.0,
2850200515, 071216, 040440,    5.0,    9.8,
2850200513, 071216, 040250,   25.3,   12.9,
2850200512, 071216, 040100,   45.4,   11.4,
2850200511, 071216, 035859,   76.2,   14.8,
2850200509, 071216, 035450,  125.2,    7.6,
2850200508, 071216, 035310,  149.9,    6.0,
2850200507, 071216, 035050,  174.2,    5.7,
2860200415, 081016, 040431,    5.7,   15.8,
2860200413, 081016, 040256,   25.2,   13.2,
2860200412, 081016, 040106,   45.5,   17.0,
2860200411, 081016, 035901,   74.8,   17.7,
2860200410, 081016, 035707,  100.6,   14.5,
2860200409, 081016, 035506,  126.3,   10.7,
2860200408, 081016, 035327,  151.6,    6.6,
2860200407, 081016, 035146,  175.5,    5.0,
2870200515, 101616, 040729,    5.8,   18.9,
2870200513, 101616, 040554,   25.6,   17.7,
2870200512, 101616, 040444,   45.3,   16.1,
2870200511, 101616, 040319,   76.0,   17.3,
2870200510, 101616, 040154,  101.1,   18.0,
2870200509, 101616, 040031,  126.7,    9.5,
2870200508, 101616, 035910,  149.7,   17.7,
2870200507, 101616, 035750,  174.4,    5.7,
2870200506, 101616, 035604,  198.7,    5.4,
2880200423, 112716, 040253,    5.8,   16.1,
2880200419, 112716, 040003,   25.2,   16.1,
2880200418, 112716, 035833,   45.9,   15.8,
2880200417, 112716, 035703,   74.3,   15.8,
2880200416, 112716, 035552,  100.0,   13.9,
2880200415, 112716, 035434,  125.9,    8.2,
2880200411, 112716, 035222,  151.3,    5.7,
2880200410, 112716, 035053,  175.9,    4.7,
2890200422, 012417, 060226,    8.0,   14.5,
2890200420, 012417, 060030,   26.9,   13.9,
2890200411, 012417, 055611,   76.0,   15.8,
2890200410, 012417, 055441,  100.9,   10.4,
2890200409, 012417, 055251,  125.9,    7.3,
2890200408, 012417, 055111,  150.7,    4.7,
2890200407, 012417, 054926,  176.5,    3.8,
2900200420, 022317, 070413,    4.2,   17.0,
2900200417, 022317, 070229,   24.8,   16.7,
2900200415, 022317, 070107,   47.0,   16.4,
2900200413, 022317, 065933,   75.5,   16.1,
2900200411, 022317, 065813,   99.7,   12.6,
2900200410, 022317, 065657,  125.8,    8.8,
2900200408, 022317, 065532,  150.7,    8.5,
2900200407, 022317, 065417,  174.8,    8.2,
2900200406, 022317, 065312,  199.6,    6.6,
2910200615, 032917, 040941,    6.6,   12.3,
2910200613, 032917, 040815,   25.8,   18.0,
2910200612, 032917, 040715,   47.1,   17.3,
2910200611, 032917, 040535,   79.1,   10.4,
2910200610, 032917, 040426,  102.1,   13.2,
2910200609, 032917, 040245,  126.0,   12.9,
2910200608, 032917, 040115,  152.2,   11.0,
2910200607, 032917, 035930,  177.5,    8.8,
2920200513, 042617, 040336,   25.3,   14.8,
2920200512, 042617, 040222,   45.5,   15.5,
2920200510, 042617, 035936,  100.0,   18.0,
2920200509, 042617, 035822,  125.7,   13.6,
2920200508, 042617, 035706,  149.3,    6.9,
2920200507, 042617, 035552,  175.0,    6.9,
2930200515, 052417, 043052,    4.7,   15.1,
2930200513, 052417, 042915,   24.8,   14.8,
2930200512, 052417, 042805,   45.9,   19.2,
2930200511, 052417, 042641,   73.4,   19.9,
2930200510, 052417, 042505,  101.0,   12.3,
2930200509, 052417, 042205,  127.4,   14.5,
2930200508, 052417, 042045,  151.9,    8.5,
2930200507, 052417, 041856,  179.0,    6.6,
2940200515, 062117, 040411,    6.0,   18.9,
2940200513, 062117, 040216,   26.0,   18.9,
2940200512, 062117, 040057,   46.0,   21.4,
2940200511, 062117, 035926,   75.8,   21.8,
2940200510, 062117, 035747,  100.8,   15.8,
2940200509, 062117, 035607,  126.5,   16.1,
2940200508, 062117, 035427,  150.6,    8.5,
2940200507, 062117, 035232,  175.4,    7.6,
2940200506, 062117, 035052,  200.0,    6.3,
2950200515, 080917, 041752,    5.2,   20.5,
2950200513, 080917, 041622,   25.2,   20.5,
2950200512, 080917, 041507,   45.2,   27.4,
2950200511, 080917, 041326,   76.7,   23.0,
2950200510, 080917, 041146,  101.3,   12.9,
2950200509, 080917, 041007,  124.4,   18.6,
2950200507, 080917, 040637,  176.1,    6.3,
2960200418, 100717, 044518,   27.7,   15.1,
2960200417, 100717, 044228,   47.5,   15.4,
2960200416, 100717, 044020,   77.2,   18.6,
2960200415, 100717, 043808,  103.4,   13.6,
2960200414, 100717, 043602,  126.3,   13.2,
2960200412, 100717, 043206,  177.6,    5.0,
2970200522, 110917, 034018,    5.7,    9.1,
2970200519, 110917, 033826,   24.9,   13.6,
2970200518, 110917, 033641,   45.8,   10.4,
2970200516, 110917, 033441,   75.3,   16.4,
2970200514, 110917, 033242,  101.2,   14.8,
2970200513, 110917, 033051,  125.8,    6.9,
2970200510, 110917, 032606,  175.1,    3.8,
2970200508, 110917, 032416,  199.9,    2.5,
2980200515, 121317, 034141,    5.7,   12.6,
2980200513, 121317, 034041,   24.3,   13.2,
2980200512, 121317, 033946,   44.8,    8.5,
2980200511, 121317, 033851,   76.1,   13.9,
2980200510, 121317, 033746,  101.2,   11.7,
2980200509, 121317, 033631,  127.5,    6.6,
2980200508, 121317, 033424,  151.6,    8.2,
2980200507, 121317, 033306,  172.8,    3.2,
2990200515, 011818, 043257,    3.4,   10.4,
2990200513, 011818, 043007,   28.1,   14.2,
2990200512, 011818, 042822,   44.9,   17.0,
2990200511, 011818, 042648,   74.0,   15.8,
2990200510, 011818, 042517,  102.2,   11.0,
2990200509, 011818, 042353,  125.4,   13.6,
2990200508, 011818, 042224,  147.7,    7.9,
2990200507, 011818, 042037,  175.4,    4.4,
2990200506, 011818, 041908,  199.5,    2.8,
3000200515, 022618, 042706,    7.3,   11.0,
3000200513, 022618, 042526,   24.8,   16.1,
3000200512, 022618, 042342,   45.0,   17.3,
3000200511, 022618, 042157,   75.7,   17.0,
3000200510, 022618, 042025,  102.1,   16.4,
3000200509, 022618, 041856,  125.8,   15.4,
3000200508, 022618, 041716,  150.3,    8.5,
3000200507, 022618, 041545,  175.5,    7.3,
3010200524, 041818, 102649,    5.2,   11.4,
3010200522, 041818, 102238,   26.3,   17.7,
3010200521, 041818, 102118,   45.6,   16.7,
3010200520, 041818, 101952,   76.5,   16.7,
3010200518, 041818, 101838,  101.4,   18.9,
3010200516, 041818, 101658,  125.6,   10.1,
3010200514, 041818, 101537,  151.4,   17.3,
3010200512, 041818, 101358,  176.9,    7.3,
3010200511, 041818, 101238,  199.9,    4.7,
3020200416, 051618, 035956,    5.4,   17.0,
3020200413, 051618, 035747,   25.0,   12.9,
3020200412, 051618, 035646,   44.1,    9.8,
3020200411, 051618, 035517,   75.6,   12.3,
3020200410, 051618, 035325,  100.0,   13.2,
3020200409, 051618, 035218,  124.3,   10.1,
3020200408, 051618, 035108,  149.9,   10.7,
3020200407, 051618, 034959,  175.7,    8.2,
3030200620, 062718, 102856,    6.1,   15.5,
3030200617, 062718, 102657,   25.4,   14.2,
3030200616, 062718, 102542,   45.6,   15.5,
3030200615, 062718, 102412,   76.7,   20.2,
3030200613, 062718, 102236,  102.8,   14.2,
3030200611, 062718, 102022,  124.9,   10.7,
3030200609, 062718, 101838,  149.7,   11.4,
3030200607, 062718, 101643,  176.3,    4.7,
3040200520, 072518, 041441,    5.9,   15.8,
3040200517, 072518, 041123,   25.6,   16.1,
3040200516, 072518, 040956,   46.2,   16.1,
3040200515, 072518, 040812,   75.3,   14.5,
3040200513, 072518, 040626,  100.6,   11.0,
3040200511, 072518, 040420,  126.7,    8.5,
3040200509, 072518, 040220,  150.7,    5.7,
3040200507, 072518, 040021,  175.5,    5.0,
3050200516, 091118, 041119,    6.8,   12.3,
3050200513, 091118, 040721,   26.4,    9.5,
3050200512, 091118, 040550,   46.0,   13.9,
3050200511, 091118, 040403,   75.9,   15.1,
3050200510, 091118, 040215,  100.9,   14.2,
3050200509, 091118, 040033,  124.6,   12.6,
3050200508, 091118, 035850,  150.6,    4.7,
3050200507, 091118, 035702,  174.9,    4.4,
3060200516, 101318, 061139,    4.8,   15.8,
3060200513, 101318, 060910,   23.8,   14.5,
3060200509, 101318, 060246,  125.6,    8.5,
3060200508, 101318, 060114,  148.8,    6.9,
3060200507, 101318, 055948,  173.7,    4.7,
3070200516, 111718, 050144,    4.6,   17.0,
3070200513, 111718, 045828,   25.9,   18.0,
3070200512, 111718, 045631,   45.6,   16.7,
3070200511, 111718, 045353,   75.2,   16.7,
3070200510, 111718, 045125,   99.9,   15.8,
3070200509, 111718, 044933,  124.5,    7.9,
3070200508, 111718, 044729,  151.5,    9.1,
3070200507, 111718, 044539,  175.1,    5.7,
3090200513, 011619, 044614,   24.1,   20.2,
3090200512, 011619, 044422,   44.6,   17.3,
3090200511, 011619, 044223,   74.3,   16.1,
3090200510, 011619, 044027,  101.6,   13.9,
3090200509, 011619, 043852,  124.6,    9.8,
3090200508, 011619, 043722,  150.6,    5.7,
3090200507, 011619, 043536,  174.9,    4.1,
3100200717, 022019, 221710,    5.2,   13.2,
3100200714, 022019, 221413,   25.6,   15.1,
3100200713, 022019, 221243,   45.8,   13.2,
3100200712, 022019, 221056,   75.0,   17.3,
3100200711, 022019, 220927,  101.2,   15.4,
3100200710, 022019, 220814,  125.1,    8.2,
3100200709, 022019, 220703,  150.1,    3.8,
3100200708, 022019, 220542,  174.4,    4.4,
3110200523, 050319, 041331,    4.5,   15.5,
3110200517, 050319, 041012,   24.4,   16.1,
3110200513, 050319, 040558,   74.5,   16.1,
3110200511, 050319, 040406,   99.4,   14.5,
3110200509, 050319, 040229,  125.2,   14.5,
3110200508, 050319, 040056,  149.8,    7.9,
3110200506, 050319, 035731,  200.0,    4.1,
3120200520, 061219, 051129,    6.0,   14.8,
3120200516, 061219, 050834,   24.1,   14.8,
3120200513, 061219, 050624,   45.1,   20.2,
3120200512, 061219, 050414,   75.3,   18.0,
3120200511, 061219, 050220,  100.2,   15.4,
3120200509, 061219, 050024,  124.0,   12.6,
3120200508, 061219, 045839,  148.9,    8.2,
3120200507, 061219, 045654,  173.2,    5.7,
3120200506, 061219, 045509,  199.6,    4.4,
3130201220, 070319, 012427,    4.5,   13.2,
3130201215, 070319, 012110,   24.7,   16.7,
3130201212, 070319, 011753,   73.9,   18.6,
3130201210, 070319, 011559,  101.0,   16.7,
3130201209, 070319, 011350,  124.0,   12.3,
3130201208, 070319, 011140,  149.3,    5.7,
3130201207, 070319, 010935,  173.9,    4.4,
3130201206, 070319, 010745,  199.7,    4.7,
3140200518, 080319, 042703,    5.3,   18.9,
3140200513, 080319, 042428,   23.1,   18.9,
3140200512, 080319, 042311,   45.3,   12.0,
3140200511, 080319, 042057,   75.2,   15.1,
3140200510, 080319, 041907,   98.9,   12.3,
3140200509, 080319, 041707,  124.6,    8.8,
3140200508, 080319, 041456,  150.4,    7.9,
3140200507, 080319, 041257,  174.9,    5.0,
3140200506, 080319, 041047,  199.7,    4.4,
3150200516, 090519, 040222,    4.6,   11.7,
3150200513, 090519, 035931,   25.6,   16.7,
3150200512, 090519, 035801,   44.0,   19.9,
3150200511, 090519, 035611,   74.8,   10.7,
3150200510, 090519, 035436,   99.6,   13.9,
3150200509, 090519, 035256,  124.4,    7.6,
3150200508, 090519, 035116,  149.9,    2.8,
3150200507, 090519, 034951,  175.0,    3.8,
3150200506, 090519, 034826,  199.5,    5.4,
3160201016, 101819, 215955,    4.8,   14.5,
3160201013, 101819, 215704,   25.2,   16.1,
3160201012, 101819, 215552,   44.9,   17.7,
3160201011, 101819, 215418,   74.1,    9.8,
3160201010, 101819, 215256,   99.6,   14.2,
3160201009, 101819, 215105,  124.7,    9.1,
3160201008, 101819, 214935,  151.5,    6.0,
3160201007, 101819, 214804,  174.8,    4.1,
3160201006, 101819, 214632,  198.7,    4.1,
3170200516, 122019, 044307,    6.2,   14.2,
3170200513, 122019, 044055,   24.8,   14.5,
3170200512, 122019, 043939,   46.4,   14.8,
3170200511, 122019, 043800,   75.4,   15.5,
3170200510, 122019, 043612,  100.2,   13.9,
3170200509, 122019, 043438,  123.6,    8.2,
3170200508, 122019, 043257,  149.3,    5.7,
3170200507, 122019, 043047,  175.6,    5.0,
3180200524, 010820, 104835,    5.2,   13.6,
3180200522, 010820, 104644,   25.2,   12.9,
3180200521, 010820, 104519,   44.5,   13.6,
3180200520, 010820, 104338,   75.4,   13.2,
3180200518, 010820, 104111,  101.4,   11.7,
3180200513, 010820, 103841,  124.5,    6.6,
3180200511, 010820, 103709,  148.9,    5.4,
3180200509, 010820, 103523,  174.3,    5.7,
3180200507, 010820, 103350,  199.4,    4.1,
3190200522, 013120, 070333,    5.7,   14.8,
3190200519, 013120, 070004,   26.0,   14.8,
3190200517, 013120, 065806,   45.4,   14.2,
3190200515, 013120, 065518,   74.8,   13.9,
3190200513, 013120, 065247,  100.7,   16.4,
3190200511, 013120, 065016,  124.5,   11.4,
3190200509, 013120, 064747,  151.5,    6.0,
3190200507, 013120, 064512,  173.4,    5.7,
3210200715, 080920, 035401,    5.5,   16.1,
3210200713, 080920, 035154,   23.5,   17.7,
3210200712, 080920, 035043,   44.9,   17.7,
3210200711, 080920, 034919,   74.8,   16.7,
3210200710, 080920, 034759,   99.5,   17.3,
3210200709, 080920, 034635,  123.4,   14.2,
3210200708, 080920, 034520,  149.8,   16.1,
3210200707, 080920, 034357,  174.6,   15.5,
3210200706, 080920, 034232,  197.3,   14.5,
3220200916, 090420, 040337,    5.2,   12.0,
3220200913, 090420, 040031,   23.9,   13.9,
3220200912, 090420, 035854,   44.4,   12.9,
3220200911, 090420, 035703,   73.5,   15.1,
3220200910, 090420, 035521,  100.2,   10.4,
3220200909, 090420, 035307,  124.5,   10.4,
3220200908, 090420, 035115,  148.8,   16.4,
3220200907, 090420, 034924,  174.4,    9.5,
3230200615, 092820, 040431,    5.2,   15.5,
3230200613, 092820, 040156,   24.7,   17.3,
3230200612, 092820, 040032,   45.2,   16.7,
3230200611, 092820, 035832,   74.7,   18.0,
3230200610, 092820, 035638,   99.0,   14.8,
3230200609, 092820, 035457,  124.0,   11.0,
3230200608, 092820, 035306,  148.7,   24.9,
3230200607, 092820, 035129,  173.8,    6.3,
3230200606, 092820, 034935,  200.0,    5.0,
3240200714, 112020, 040752,    5.9,   17.0,
3240200713, 112020, 040620,   23.9,   17.3,
3240200712, 112020, 040450,   44.1,   15.5,
3240200711, 112020, 040311,   74.3,   16.7,
3240200710, 112020, 040130,  100.8,   14.8,
3240200709, 112020, 035946,  125.5,   10.1,
3240200708, 112020, 035816,  149.3,    7.9,
3240200707, 112020, 035640,  174.5,    4.7,
3240200706, 112020, 035451,  199.5,    6.0,
3250200520, 121920, 034441,    6.1,   16.4,
3250200513, 121920, 034211,   24.2,   14.5,
3250200512, 121920, 034051,   42.6,   16.4,
3250200511, 121920, 033903,   75.2,   15.8,
3250200510, 121920, 033736,   98.9,   13.6,
3250200509, 121920, 033611,  123.3,    7.6,
3250200508, 121920, 033447,  149.6,    5.7,
3250200507, 121920, 033315,  175.3,    5.7,
3250200506, 121920, 033132,  198.1,    4.7,
3260200520, 011321, 034510,    4.7,   13.2,
3260200513, 011321, 034227,   26.0,   16.1,
3260200512, 011321, 034041,   44.1,   14.2,
3260200511, 011321, 033825,   75.1,   15.8,
3260200510, 011321, 033647,   97.9,   12.6,
3260200509, 011321, 033511,  124.7,    8.8,
3260200508, 011321, 033317,  150.0,    5.7,
3270200520, 021721, 034546,    4.3,   15.8,
3270200513, 021721, 034251,   24.2,   15.1,
3270200512, 021721, 034117,   41.7,   15.8,
3270200511, 021721, 033957,   74.0,   15.1,
3270200510, 021721, 033841,  101.2,   16.1,
3270200509, 021721, 033727,  123.1,   14.5,
3270200508, 021721, 033603,  150.0,    7.6,
3270200507, 021721, 033429,  173.8,    6.3,
3270200506, 021721, 033315,  199.1,    5.0,
3280200422, 032421, 041801,    5.7,   14.2,
3280200421, 032421, 041606,   25.1,   15.5,
3280200419, 032421, 041341,   45.0,   16.1,
3280200418, 032421, 041021,   73.1,   16.1,
3280200417, 032421, 040817,   97.3,   15.8,
3280200416, 032421, 040507,  124.0,   13.9,
3280200414, 032421, 040310,  147.9,    6.6,
3280200412, 032421, 040034,  173.1,    4.7,
3280200410, 032421, 035827,  197.1,    4.1,
3290200520, 041421, 040525,    5.2,   16.1,
3290200513, 041421, 040129,   24.5,   15.1,
3290200512, 041421, 035929,   45.5,   15.5,
3290200511, 041421, 035738,   74.2,   15.8,
3290200510, 041421, 035614,   98.3,   17.0,
3290200509, 041421, 035444,  128.9,   15.1,
3290200508, 041421, 035235,  147.9,    7.9,
3290200507, 041421, 035050,  173.6,    5.0,
3290200506, 041421, 034926,  197.1,    5.4,
3300200520, 051721, 041645,    4.3,   14.8,
3300200513, 051721, 041324,   23.8,   15.1,
3300200512, 051721, 041122,   45.0,   17.7,
3300200511, 051721, 040935,   74.1,   16.7,
3300200510, 051721, 040800,   99.0,   16.4,
3300200509, 051721, 040636,  124.4,   12.6,
3300200508, 051721, 040450,  149.4,    8.5,
3300200507, 051721, 040315,  173.0,    5.0,
3300200506, 051721, 040110,  198.6,    4.7,
3310200520, 062321, 040606,    5.3,   14.5,
3310200513, 062321, 040357,   25.7,   15.8,
3310200512, 062321, 040231,   45.2,   17.0,
3310200511, 062321, 035916,   73.5,   17.7,
3310200509, 062321, 035621,  123.7,   10.7,
3310200508, 062321, 035501,  149.3,    7.6,
3310200507, 062321, 035311,  173.5,    4.7,
3310200506, 062321, 035141,  197.7,    4.1,
3320200423, 071721, 050233,    5.4,   12.9,
3320200416, 071721, 045812,   26.0,   14.8,
3320200415, 071721, 045636,   45.9,   14.8,
3320200414, 071721, 045422,   75.1,   17.3,
3320200413, 071721, 045250,  100.1,   16.7,
3320200412, 071721, 045142,  125.2,   13.2,
3320200411, 071721, 044940,  150.5,    9.1,
3320200410, 071721, 044813,  175.2,    6.0,
3320200409, 071721, 044638,  199.6,    4.4,
3330201019, 103021, 100649,    6.5,   16.7,
3330201016, 103021, 100612,    6.5,   15.1,
3330201014, 103021, 100412,   26.0,   16.4,
3330201011, 103021, 100016,   76.4,   16.4,
3330201010, 103021, 095843,  100.8,   14.5,
3330201009, 103021, 095722,  126.7,   10.4,
3330201008, 103021, 095546,  151.2,    6.9,
3330201007, 103021, 095420,  174.9,    6.3,