Hawaii Ocean Time-series : 12-Sep-2023 23:47:19
https://hahana.soest.hawaii.edu/hot/hot-dogs/bextraction.html

botid, date, time, press, pbact, 
#, mmddyy, hhmmss, dbar, #*1e5/ml, 
1750201021, 111205, 134034,    9.2,  2.094,
1750201018, 111205, 133734,   24.5,  2.125,
1750201015, 111205, 133544,   43.5,  2.112,
1750201012, 111205, 133259,   73.6,  2.044,
1750201008, 111205, 133019,   99.0,  0.834,
1750201005, 111205, 132804,  123.8,  0.356,
1750201004, 111205, 132619,  148.8,  0.152,
1750201003, 111205, 132418,  174.7,  0.078,
1760200920, 121305, 125600,    5.0,  2.021,
1760200917, 121305, 125334,   25.2,  1.425,
1760200914, 121305, 125146,   44.5,  1.790,
1760200911, 121305, 124942,   75.8,  2.077,
1760200908, 121305, 124734,  100.8,  1.135,
1760200905, 121305, 124556,  125.1,  0.562,
1760200904, 121305, 124420,  149.2,  0.209,
1760200903, 121305, 124244,  178.7,  0.035,
1770200320, 012506, 132448,    7.7,  1.952,
1770200317, 012506, 132157,   24.7,  1.991,
1770200314, 012506, 131959,   46.9,  1.977,
1770200311, 012506, 131758,   74.8,  1.908,
1770200308, 012506, 131559,  100.4,  1.840,
1770200305, 012506, 131408,  125.2,  2.127,
1770200304, 012506, 131220,  149.8,  0.616,
1770200303, 012506, 131018,  175.7,  0.089,
1780200920, 021506, 131134,   10.3,  2.192,
1780200917, 021506, 130904,   24.6,  2.299,
1780200914, 021506, 130739,   45.3,  2.303,
1780200911, 021506, 130604,   73.9,  1.192,
1780200909, 021506, 130447,  100.4,  0.339,
1780200906, 021506, 130306,  125.3,  0.115,
1780200904, 021506, 130144,  149.8,  0.023,
1780200903, 021506, 130019,  177.0,  0.004,
1790201220, 031006, 131146,    5.4,  1.983,
1790201217, 031006, 130949,   24.5,  2.029,
1790201214, 031006, 130803,   46.2,  2.087,
1790201211, 031006, 130627,   75.5,  2.095,
1790201208, 031006, 130505,   99.7,  2.015,
1790201205, 031006, 130340,  123.1,  1.611,
1790201204, 031006, 130218,  150.0,  0.346,
1790201203, 031006, 130033,  173.6,  0.039,
1800200920, 040206, 130244,    6.2,  2.263,
1800200917, 040206, 125949,   25.5,  2.966,
1800200914, 040206, 125800,   45.0,  2.281,
1800200911, 040206, 125554,   75.6,  1.905,
1800200908, 040206, 125353,  100.5,  1.040,
1800200905, 040206, 125204,  124.3,  0.351,
1800200904, 040206, 125035,  149.7,  0.117,
1800200903, 040206, 124844,  176.3,  0.043,
1810201022, 052706, 131051,    7.3,  1.646,
1810201019, 052706, 130801,   26.5,  1.870,
1810201016, 052706, 130621,   46.4,  2.029,
1810201013, 052706, 130451,   76.3,  1.358,
1810201010, 052706, 130321,  101.2,  0.775,
1810201007, 052706, 130139,  124.6,  0.460,
1810201006, 052706, 125950,  150.4,  0.223,
1810201005, 052706, 125745,  176.2,  0.030,
1820200822, 061406, 153316,    8.2,  2.356,
1820200819, 061406, 152904,   25.0,  2.081,
1820200816, 061406, 152730,   46.0,  2.571,
1820200813, 061406, 152544,   76.1,  2.468,
1820200810, 061406, 152349,  100.9,  2.785,
1820200807, 061406, 152205,  124.9,  0.855,
1820200806, 061406, 152039,  150.9,  0.321,
1820200805, 061406, 151919,  176.6,  0.043,
1830201013, 071306, 131634,   75.0,  2.727,
1830201010, 071306, 131411,  100.7,  1.369,
1830201007, 071306, 131159,  125.5,  0.184,
1830201006, 071306, 130929,  149.8,  0.058,
1830201005, 071306, 130714,  174.5,  0.045,
1840200922, 080906, 103440,    7.5,  1.378,
1840200919, 080906, 103026,   25.8,  1.293,
1840200916, 080906, 102548,   60.0,  2.274,
1840200913, 080906, 102140,   89.8,  1.997,
1840200910, 080906, 101740,  115.0,  0.435,
1840200907, 080906, 101245,  150.5,  0.136,
1840200906, 080906, 101111,  164.5,  0.050,
1840200905, 080906, 100950,  174.8,  0.035,
1850200920, 091606, 125620,    6.3,  2.163,
1850200917, 091606, 125435,   26.3,  2.384,
1850200914, 091606, 125242,   46.1,  2.634,
1850200911, 091606, 124927,   75.6,  2.499,
1850200908, 091606, 124725,  100.8,  2.453,
1850200905, 091606, 124537,  125.3,  0.699,
1850200904, 091606, 124409,  150.4,  0.120,
1850200903, 091606, 124235,  175.7,  0.018,
1860201820, 102106, 130025,    8.7,  1.862,
1860201817, 102106, 125740,   25.3,  2.088,
1860201814, 102106, 125526,   45.1,  2.891,
1860201811, 102106, 125331,   74.5,  2.799,
1860201808, 102106, 125040,  101.4,  1.801,
1860201805, 102106, 124840,  126.0,  0.449,
1860201804, 102106, 124650,  151.6,  0.272,
1860201803, 102106, 124511,  173.6,  0.067,
1870200920, 110906, 130815,    6.9,  2.002,
1870200917, 110906, 130440,   25.0,  2.349,
1870200914, 110906, 130251,   45.5,  2.308,
1870200911, 110906, 130049,   76.1,  2.212,
1870200908, 110906, 125909,  100.8,  1.982,
1870200905, 110906, 125749,  124.8,  0.597,
1870200904, 110906, 125615,  150.1,  0.144,
1870200903, 110906, 125420,  175.0,  0.024,
1880200920, 121006, 125550,    9.0,  1.738,
1880200917, 121006, 125308,   23.7,  1.781,
1880200914, 121006, 125121,   44.6,  1.768,
1880200911, 121006, 124922,   75.0,  1.298,
1880200908, 121006, 124750,  101.0,  0.606,
1880200905, 121006, 124551,  125.7,  0.278,
1880200903, 121006, 124249,  175.6,  0.018,
1890201020, 020707, 125931,    5.1,  1.887,
1890201017, 020707, 125714,   24.6,  1.874,
1890201014, 020707, 125535,   45.2,  2.006,
1890201011, 020707, 125345,   75.5,  1.190,
1890201008, 020707, 125154,  100.8,  0.379,
1890201005, 020707, 124948,  123.4,  0.060,
1890201004, 020707, 124747,  149.0,  0.003,
1890201003, 020707, 124540,  174.7,  0.001,
1900201020, 032107, 125949,    4.4,  1.402,
1900201017, 032107, 125729,   25.0,  1.508,
1900201011, 032107, 125211,   75.1,  1.643,
1900201008, 032107, 125011,   99.7,  0.929,
1900201005, 032107, 124736,  124.2,  0.251,
1900201004, 032107, 124441,  149.7,  0.037,
1900201003, 032107, 124251,  174.1,  0.002,
1910201020, 050507, 125830,    7.4,  2.198,
1910201017, 050507, 125611,   25.9,  2.156,
1910201014, 050507, 125341,   44.5,  2.510,
1910201011, 050507, 125152,   75.3,  2.863,
1910201008, 050507, 124941,  100.2,  2.577,
1910201005, 050507, 124702,  125.3,  1.151,
1910201004, 050507, 124520,  149.6,  0.337,
1910201003, 050507, 124343,  174.5,  0.105,
1930200722, 070807, 130548,    6.8,  1.740,
1930200717, 070807, 130253,   24.8,  1.820,
1930200714, 070807, 125957,   45.3,  1.810,
1930200711, 070807, 125648,   75.9,  2.492,
1930200708, 070807, 125428,   99.8,  2.197,
1930200705, 070807, 125208,  124.8,  0.499,
1930200704, 070807, 124958,  149.7,  0.157,
1930200703, 070807, 124757,  175.0,  0.053,
1940200920, 080407, 130743,    7.9,  1.720,
1940200917, 080407, 130443,   25.2,  1.852,
1940200914, 080407, 130118,   44.9,  2.436,
1940200911, 080407, 125802,   75.9,  2.017,
1940200908, 080407, 125528,  100.1,  1.647,
1940200905, 080407, 125313,  125.4,  0.661,
1940200904, 080407, 125041,  149.9,  0.313,
1940200903, 080407, 124838,  175.3,  0.142,
1950200920, 090307, 130649,    6.6,  2.197,
1950200917, 090307, 130404,   25.8,  2.499,
1950200914, 090307, 130159,   46.0,  2.581,
1950200911, 090307, 125829,   75.9,  2.792,
1950200908, 090307, 125554,  100.5,  2.417,
1950200905, 090307, 125344,  125.4,  0.548,
1950200904, 090307, 125110,  150.5,  0.101,
1950200903, 090307, 124909,  176.0,  0.113,
1960200222, 100207, 131053,    4.5,  2.025,
1960200217, 100207, 130838,   24.8,  2.083,
1960200214, 100207, 130723,   44.3,  2.173,
1960200211, 100207, 130553,   75.7,  2.606,
1960200208, 100207, 130429,   99.0,  2.065,
1960200205, 100207, 130304,  126.0,  0.758,
1960200204, 100207, 130143,  149.7,  0.174,
1960200203, 100207, 130019,  176.9,  0.086,
1970200220, 120107, 131549,    8.8,  2.158,
1970200217, 120107, 131413,   24.7,  2.025,
1970200214, 120107, 130959,   44.9,  1.757,
1970200211, 120107, 130823,   74.9,  1.698,
1970200208, 120107, 130629,   99.4,  0.673,
1970200205, 120107, 130439,  126.3,  0.199,
1980200222, 122007, 121559,    5.8,  1.374,
1980200217, 122007, 121059,   24.0,  1.465,
1980200214, 122007, 120920,   45.8,  1.354,
1980200211, 122007, 120733,   76.0,  1.276,
1980200208, 122007, 120544,  101.1,  0.887,
1980200205, 122007, 120340,  123.1,  0.320,
1980200204, 122007, 120225,  149.2,  0.058,
1980200203, 122007, 120114,  175.1,  0.029,
1990200222, 012908, 134548,    5.8,  1.445,
1990200217, 012908, 133955,   24.5,  1.499,
1990200214, 012908, 133806,   45.7,  1.474,
1990200211, 012908, 133607,   74.5,  1.474,
1990200208, 012908, 133346,   99.7,  1.200,
1990200205, 012908, 133136,  124.2,  0.338,
1990200204, 012908, 132926,  150.5,  0.078,
1990200203, 012908, 132707,  177.2,  0.006,
2000200222, 022308, 132209,    7.4,  1.711,
2000200217, 022308, 131709,   27.8,  2.044,
2000200214, 022308, 131453,   46.4,  2.106,
2000200211, 022308, 131221,   76.6,  2.305,
2000200205, 022308, 130723,  126.3,  0.555,
2000200204, 022308, 130508,  151.7,  0.125,
2000200203, 022308, 130310,  176.6,  0.011,
2010200222, 052708, 123058,    7.5,  1.879,
2010200218, 052708, 122805,   26.1,  2.335,
2010200215, 052708, 122537,   46.0,  2.295,
2010200212, 052708, 122328,   75.6,  2.453,
2010200209, 052708, 122124,  101.1,  2.943,
2010200206, 052708, 121929,  125.6,  1.044,
2010200205, 052708, 121738,  150.0,  0.264,
2010200204, 052708, 121554,  175.6,  0.103,
2020200222, 062508, 124016,    9.2,  1.905,
2020200218, 062508, 123622,   24.6,  1.867,
2020200215, 062508, 123401,   44.1,  1.819,
2020200212, 062508, 123136,   74.2,  2.347,
2020200209, 062508, 122926,   99.2,  1.631,
2020200205, 062508, 122701,  124.3,  0.708,
2020200204, 062508, 122516,  149.5,  0.288,
2020200203, 062508, 122318,  174.0,  0.052,
2030200222, 072608, 134946,    8.4,  1.627,
2030200218, 072608, 134648,   25.3,  1.599,
2030200215, 072608, 134444,   44.7,  2.225,
2030200212, 072608, 134229,   75.0,  2.580,
2030200209, 072608, 134010,  100.9,  2.104,
2030200205, 072608, 133740,  125.3,  0.710,
2030200204, 072608, 133523,  150.0,  0.185,
2030200203, 072608, 133327,  176.1,  0.060,
2040200222, 081608, 122916,    6.2,  2.755,
2040200218, 081608, 122541,   24.9,  2.861,
2040200215, 081608, 122330,   43.7,  2.928,
2040200212, 081608, 122027,   74.3,  2.759,
2040200209, 081608, 121757,  100.1,  0.872,
2040200205, 081608, 121512,  125.6,  0.308,
2040200204, 081608, 121247,  150.2,  0.096,
2040200203, 081608, 121012,  174.3,  0.033,
2050200222, 101008, 122046,    6.0,  2.476,
2050200217, 101008, 121736,   24.5,  2.161,
2050200214, 101008, 121546,   44.2,  2.600,
2050200211, 101008, 121345,   74.3,  2.155,
2050200208, 101008, 121200,   99.2,  0.843,
2050200205, 101008, 121011,  124.1,  0.296,
2050200204, 101008, 120841,  148.9,  0.068,
2050200203, 101008, 120711,  174.0,  0.015,
2060200222, 113008, 134658,   10.1,  2.156,
2060200218, 113008, 134258,   22.3,  2.105,
2060200215, 113008, 134124,   43.3,  2.044,
2060200212, 113008, 133918,   76.7,  2.056,
2060200209, 113008, 133719,  100.2,  1.134,
2060200205, 113008, 133537,  121.8,  0.582,
2060200204, 113008, 133357,  147.5,  0.168,
2060200203, 113008, 133157,  175.0,  0.008,
2080200222, 012009, 132948,    6.6,  1.970,
2080200218, 012009, 132623,   24.6,  2.060,
2080200215, 012009, 132432,   45.3,  2.000,
2080200212, 012009, 132244,   74.4,  2.067,
2080200209, 012009, 132047,   99.6,  1.930,
2080200205, 012009, 131842,  125.3,  0.367,
2080200204, 012009, 131707,  150.4,  0.232,
2080200203, 012009, 131532,  175.0,  0.009,
2090200222, 021709, 130227,    6.7,  1.198,
2090200218, 021709, 125947,   24.8,  1.230,
2090200215, 021709, 125757,   45.4,  1.259,
2090200212, 021709, 125557,   74.9,  1.283,
2090200209, 021709, 125407,  100.0,  0.570,
2090200205, 021709, 125147,  126.0,  0.373,
2090200204, 021709, 125037,  150.0,  0.057,
2090200203, 021709, 124927,  173.9,  0.009,
2100200222, 042809, 123028,    5.0,  1.604,
2100200218, 042809, 122742,   25.0,  1.978,
2100200215, 042809, 122457,   44.7,  2.402,
2100200212, 042809, 122144,   75.0,  2.330,
2100200209, 042809, 121927,   99.8,  1.274,
2100200205, 042809, 121630,  125.1,  0.270,
2100200204, 042809, 121412,  150.1,  0.138,
2100200203, 042809, 121217,  175.2,  0.025,
2110200120, 052709, 134033,    7.2,  1.847,
2110200117, 052709, 133909,   27.1,  1.925,
2110200114, 052709, 133754,   47.0,  1.796,
2110200111, 052709, 133548,   76.9,  2.269,
2110200108, 052709, 133400,  101.9,  1.132,
2110200105, 052709, 133228,  126.7,  0.470,
2110200104, 052709, 132928,  151.7,  0.210,
2110200103, 052709, 132823,  176.8,  0.085,
2120200222, 070309, 130851,    8.2,  1.770,
2120200219, 070309, 130531,   25.1,  1.751,
2120200216, 070309, 130347,   44.7,  2.190,
2120200213, 070309, 130140,   74.4,  2.475,
2120200210, 070309, 125906,  100.1,  1.725,
2120200207, 070309, 125547,  125.9,  0.693,
2120200204, 070309, 125221,  150.1,  0.237,
2120200203, 070309, 124959,  175.3,  0.162,
2130200220, 072409, 132508,    7.6,  1.583,
2130200217, 072409, 132139,   24.9,  1.610,
2130200214, 072409, 131943,   45.1,  2.021,
2130200211, 072409, 131734,   75.4,  2.793,
2130200208, 072409, 131538,   99.9,  1.812,
2130200205, 072409, 131348,  124.9,  0.382,
2130200202, 072409, 131138,  150.2,  0.138,
2130200201, 072409, 131003,  175.3,  0.018,
2140200220, 081809, 130728,    8.3,  1.778,
2140200217, 081809, 130328,   24.5,  1.575,
2140200214, 081809, 130057,   46.1,  2.287,
2140200211, 081809, 125828,   75.0,  1.503,
2140200208, 081809, 125612,  100.7,  1.490,
2140200205, 081809, 125339,  124.4,  0.503,
2140200204, 081809, 125053,  151.3,  0.194,
2140200203, 081809, 124834,  176.0,  0.082,
2150200218, 092409, 134950,    5.4,  2.461,
2150200215, 092409, 134744,   25.1,  2.781,
2150200212, 092409, 134509,   44.6,  2.667,
2150200209, 092409, 134300,   74.7,  2.461,
2150200206, 092409, 133959,   99.8,  0.805,
2150200203, 092409, 133812,  125.2,  0.310,
2150200202, 092409, 133632,  150.2,  0.038,
2150200201, 092409, 133249,  176.7,  0.040,
2160200219, 110309, 141950,    4.6,  2.124,
2160200215, 110309, 141744,   24.0,  2.224,
2160200212, 110309, 141554,   44.7,  2.116,
2160200209, 110309, 141354,   75.2,  2.679,
2160200206, 110309, 141159,   99.4,  1.061,
2160200203, 110309, 140949,  127.0,  0.378,
2160200202, 110309, 140819,  149.6,  0.059,
2160200201, 110309, 140639,  171.4,  0.029,
2170200220, 120909, 131327,    4.7,  2.777,
2170200217, 120909, 131207,   24.4,  2.822,
2170200214, 120909, 131051,   44.3,  2.711,
2170200211, 120909, 130926,   75.0,  2.058,
2170200208, 120909, 130757,   99.9,  0.789,
2170200205, 120909, 130636,  126.5,  0.304,
2170200204, 120909, 130517,  151.6,  0.107,
2170200203, 120909, 130411,  175.5,  0.031,
2190200522, 031010, 183350,    4.7,  2.003,
2190200519, 031010, 183121,   25.5,  1.989,
2190200517, 031010, 182852,   45.6,  1.914,
2190200515, 031010, 182621,   75.3,  1.878,
2190200512, 031010, 182306,  101.3,  1.457,
2190200509, 031010, 181952,  125.4,  0.273,
2190200507, 031010, 181706,  150.8,  0.083,
2190200505, 031010, 181441,  172.8,  0.021,
2200200219, 040610, 134244,    4.7,  1.643,
2200200216, 040610, 134108,   25.3,  1.672,
2200200213, 040610, 133918,   44.1,  1.703,
2200200210, 040610, 133708,   77.4,  1.853,
2200200207, 040610, 133508,   98.5,  1.940,
2200200204, 040610, 133315,  123.3,  0.530,
2200200202, 040610, 133147,  150.0,  0.108,
2200200201, 040610, 133019,  174.2,  0.026,
2210200221, 051810, 124205,    5.0,  1.526,
2210200218, 051810, 124008,   23.1,  1.538,
2210200215, 051810, 123717,   44.4,  1.796,
2210200212, 051810, 123452,   74.4,  2.251,
2210200209, 051810, 123240,  100.4,  1.385,
2210200206, 051810, 123023,  125.1,  0.430,
2210200204, 051810, 122828,  150.2,  0.170,
2210200203, 051810, 122652,  176.4,  0.085,
2220200221, 060810, 121823,    5.5,  1.602,
2220200218, 060810, 121633,   25.1,  1.504,
2220200214, 060810, 121428,   44.6,  1.838,
2220200211, 060810, 121228,   75.4,  1.943,
2220200209, 060810, 121010,  100.1,  1.004,
2220200206, 060810, 120808,  127.3,  0.690,
2220200204, 060810, 120542,  147.8,  0.437,
2220200203, 060810, 120348,  180.0,  0.054,
2230200221, 070810, 125620,    5.8,  1.769,
2230200218, 070810, 125132,   25.7,  1.584,
2230200215, 070810, 124843,   46.2,  1.800,
2230200212, 070810, 124531,   75.4,  2.147,
2230200209, 070810, 124211,  100.5,  1.760,
2230200206, 070810, 123831,  125.7,  0.901,
2230200204, 070810, 123556,  150.6,  0.379,
2230200203, 070810, 123246,  175.0,  0.063,
2240200220, 080710, 122246,    6.0,  1.607,
2240200217, 080710, 121914,   24.9,  1.621,
2240200214, 080710, 121643,   45.1,  1.725,
2240200211, 080710, 121359,   75.4,  2.176,
2240200208, 080710, 121117,  100.2,  2.133,
2240200205, 080710, 120848,  125.1,  1.273,
2240200204, 080710, 120503,  151.2,  0.405,
2240200203, 080710, 120243,  176.2,  0.202,
2250200220, 090310, 123611,    6.6,  1.832,
2250200217, 090310, 123307,   25.0,  1.847,
2250200214, 090310, 123049,   45.0,  1.997,
2250200211, 090310, 122817,   75.3,  2.411,
2250200208, 090310, 122539,  100.3,  1.585,
2250200205, 090310, 122309,  124.5,  0.487,
2250200204, 090310, 122104,  149.9,  0.177,
2250200203, 090310, 121908,  176.9,  0.011,
2260200220, 100310, 120503,    5.7,  1.752,
2260200217, 100310, 120223,   24.5,  2.140,
2260200214, 100310, 115929,   45.5,  2.148,
2260200211, 100310, 115619,   76.0,  2.704,
2260200208, 100310, 115323,  100.8,  1.611,
2260200205, 100310, 115038,  126.0,  0.368,
2260200204, 100310, 114823,  150.2,  0.118,
2260200203, 100310, 114608,  175.3,  0.026,
2270200320, 112110, 125609,    5.7,  2.028,
2270200317, 112110, 125420,   25.2,  2.200,
2270200314, 112110, 125243,   45.0,  2.244,
2270200311, 112110, 125042,   75.2,  2.321,
2270200308, 112110, 124853,  100.3,  1.751,
2270200305, 112110, 124706,  125.6,  0.602,
2270200304, 112110, 124553,  150.2,  0.120,
2270200303, 112110, 124425,  175.3,  0.035,
2280200218, 010911, 145322,    6.7,  1.676,
2280200215, 010911, 145137,   26.6,  1.745,
2280200212, 010911, 144959,   46.2,  1.703,
2280200209, 010911, 144810,   76.6,  1.734,
2280200207, 010911, 144612,  101.6,  1.551,
2280200203, 010911, 144400,  125.5,  0.418,
2280200202, 010911, 144222,  149.6,  0.044,
2280200201, 010911, 144049,  175.1,  0.015,
2290200920, 012911, 130525,    6.7,  1.687,
2290200917, 012911, 130206,   24.9,  1.653,
2290200914, 012911, 130001,   45.8,  1.598,
2290200911, 012911, 125715,   74.9,  2.021,
2290200908, 012911, 125506,  100.0,  1.633,
2290200905, 012911, 125238,  124.5,  0.489,
2290200904, 012911, 125013,  150.4,  0.094,
2290200903, 012911, 124754,  176.1,  0.006,
2300200220, 022811, 123009,    6.8,  1.526,
2300200217, 022811, 122724,   24.8,  1.458,
2300200214, 022811, 122528,   46.3,  1.574,
2300200208, 022811, 122108,  100.7,  2.116,
2300200205, 022811, 121904,  125.7,  0.733,
2300200204, 022811, 121725,  150.4,  0.127,
2300200203, 022811, 121541,  175.1,  0.032,
2310200220, 041111, 134640,    4.6,  1.709,
2310200217, 041111, 134318,   25.4,  1.574,
2310200214, 041111, 134108,   45.5,  1.731,
2310200211, 041111, 133821,   75.0,  1.997,
2310200208, 041111, 133521,  102.5,  2.267,
2310200206, 041111, 133326,  125.1,  2.272,
2310200204, 041111, 133121,  150.3,  0.171,
2310200203, 041111, 132910,  175.9,  0.054,
2320200218, 050911, 141518,    5.9,  1.829,
2320200215, 050911, 141331,   24.1,  1.830,
2320200212, 050911, 141204,   44.0,  1.828,
2320200209, 050911, 141018,   74.2,  1.703,
2320200206, 050911, 140837,   99.4,  1.041,
2320200203, 050911, 140631,  123.9,  0.395,
2320200202, 050911, 140457,  149.6,  0.220,
2320200201, 050911, 140335,  175.5,  0.126,
2330200218, 071911, 111425,    5.7,  1.735,
2330200215, 071911, 111203,   24.5,  1.649,
2330200212, 071911, 111018,   44.6,  1.758,
2330200209, 071911, 110808,   74.7,  1.922,
2330200206, 071911, 110614,   99.8,  1.857,
2330200203, 071911, 110418,  124.1,  1.084,
2330200202, 071911, 110219,  149.5,  0.447,
2330200201, 071911, 110013,  174.7,  0.118,
2340200820, 083111, 132511,    5.6,  1.560,
2340200817, 083111, 132303,   25.7,  2.052,
2340200814, 083111, 132112,   45.6,  2.736,
2340200811, 083111, 131900,   74.8,  2.016,
2340200808, 083111, 131652,   99.7,  0.911,
2340200805, 083111, 131437,  124.9,  0.308,
2340200804, 083111, 131257,  149.6,  0.129,
2340200803, 083111, 131121,  173.7,  0.061,
2350200620, 092711, 132937,    5.8,  2.305,
2350200617, 092711, 132638,   25.7,  2.550,
2350200614, 092711, 132427,   45.3,  2.536,
2350200611, 092711, 132139,   75.9,  2.562,
2350200608, 092711, 131917,  100.9,  1.706,
2350200605, 092711, 131650,  125.5,  0.709,
2350200604, 092711, 131451,  150.4,  0.188,
2350200603, 092711, 131252,  175.9,  0.079,
2360200222, 110411, 133817,    5.7,  2.348,
2360200219, 110411, 133622,   26.0,  2.409,
2360200216, 110411, 133412,   47.1,  2.309,
2360200213, 110411, 133136,   78.5,  1.391,
2360200210, 110411, 132922,   99.9,  0.698,
2360200207, 110411, 132640,  126.7,  0.237,
2360200206, 110411, 132504,  152.8,  0.085,
2360200205, 110411, 132323,  181.0,  0.020,
2370200620, 112911, 145306,    5.6,  1.532,
2370200617, 112911, 145125,   24.8,  1.546,
2370200614, 112911, 144936,   45.5,  1.512,
2370200611, 112911, 144719,   74.2,  1.553,
2370200608, 112911, 144526,   99.6,  1.433,
2370200605, 112911, 144322,  124.1,  0.353,
2370200604, 112911, 144148,  149.4,  0.208,
2370200603, 112911, 144015,  175.6,  0.038,
2380200822, 122011, 121234,    5.6,  2.170,
2380200817, 122011, 121014,   24.9,  2.143,
2380200814, 122011, 120834,   44.8,  2.207,
2380200811, 122011, 120614,   73.8,  1.664,
2380200808, 122011, 120424,   99.4,  0.728,
2380200806, 122011, 120250,  124.0,  0.125,
2380200804, 122011, 120124,  149.8,  0.077,
2380200803, 122011, 115959,  174.1,  0.024,
2390200222, 011812, 133111,    5.6,  1.639,
2390200219, 011812, 132921,   25.8,  1.734,
2390200216, 011812, 132742,   44.4,  1.742,
2390200213, 011812, 132538,   75.7,  1.548,
2390200210, 011812, 132334,  100.2,  1.194,
2390200207, 011812, 132103,  127.5,  0.418,
2390200206, 011812, 131904,  151.8,  0.098,
2390200205, 011812, 131652,  175.2,  0.046,
2410200120, 050112, 121104,    5.7,  1.798,
2410200117, 050112, 120934,   23.9,  2.040,
2410200114, 050112, 120809,   46.1,  2.050,
2410200111, 050112, 120629,   78.2,  2.445,
2410200108, 050112, 120448,  101.1,  1.815,
2410200105, 050112, 120324,  125.5,  0.410,
2410200104, 050112, 120219,  148.8,  0.275,
2410200103, 050112, 120104,  172.8,  0.197,
2420200120, 053012, 123757,    4.5,  1.283,
2420200117, 053012, 123627,   24.4,  1.297,
2420200114, 053012, 123506,   45.6,  1.987,
2420200111, 053012, 123342,   73.8,  2.131,
2420200108, 053012, 123213,  100.9,  1.616,
2420200105, 053012, 123042,  123.9,  1.652,
2420200104, 053012, 122932,  148.9,  0.603,
2420200103, 053012, 122812,  177.2,  0.151,
2430200122, 062612, 131416,    5.0,  1.719,
2430200118, 062612, 131138,   24.8,  1.706,
2430200115, 062612, 130928,   45.4,  1.642,
2430200112, 062612, 130718,   75.1,  2.272,
2430200109, 062612, 130517,   99.5,  1.322,
2430200106, 062612, 130308,  125.2,  0.412,
2430200105, 062612, 130128,  149.6,  0.177,
2430200104, 062612, 125955,  174.7,  0.111,
2440200220, 073112, 131117,    6.7,  2.240,
2440200217, 073112, 130906,   24.4,  2.224,
2440200214, 073112, 130716,   45.4,  2.630,
2440200211, 073112, 130505,   75.7,  2.620,
2440200208, 073112, 130305,  100.3,  1.533,
2440200205, 073112, 130105,  124.6,  0.448,
2440200204, 073112, 125915,  150.3,  0.157,
2440200203, 073112, 125701,  175.8,  0.051,
2450200120, 081712, 125930,    5.2,  2.281,
2450200117, 081712, 125736,   24.7,  2.393,
2450200114, 081712, 125559,   45.4,  2.341,
2450200111, 081712, 125406,   75.3,  2.634,
2450200108, 081712, 125223,  100.3,  1.397,
2450200105, 081712, 125032,  126.3,  0.703,
2450200104, 081712, 124820,  150.4,  0.230,
2450200103, 081712, 124653,  175.7,  0.078,
2460200122, 091412, 125236,    5.5,  1.530,
2460200119, 091412, 125001,   24.6,  1.307,
2460200116, 091412, 124819,   45.5,  1.779,
2460200113, 091412, 124632,   75.3,  1.898,
2460200110, 091412, 124440,  100.5,  1.119,
2460200107, 091412, 124243,  124.5,  0.581,
2460200104, 091412, 124031,  149.9,  0.255,
2460200103, 091412, 123906,  174.9,  0.155,
2470200119, 100712, 122551,    5.6,  1.593,
2470200116, 100712, 122341,   25.2,  1.745,
2470200113, 100712, 122151,   45.3,  1.958,
2470200110, 100712, 121941,   75.4,  2.081,
2470200107, 100712, 121741,  100.2,  1.512,
2470200104, 100712, 121551,  125.5,  0.482,
2470200103, 100712, 121421,  150.1,  0.177,
2470200102, 100712, 121251,  174.6,  0.055,
2480200120, 120312, 130123,    5.9,  2.340,
2480200117, 120312, 125824,   25.5,  2.364,
2480200114, 120312, 125624,   44.3,  2.333,
2480200111, 120312, 125356,   75.4,  2.180,
2480200108, 120312, 125134,  100.1,  1.098,
2480200105, 120312, 124836,  124.8,  0.368,
2480200104, 120312, 124624,  150.9,  0.027,
2480200103, 120312, 124445,  176.2,  0.006,
2490200120, 021213, 131056,    7.9,  2.246,
2490200117, 021213, 130811,   25.4,  2.219,
2490200114, 021213, 130608,   45.6,  2.304,
2490200111, 021213, 130352,   75.1,  2.357,
2490200108, 021213, 130126,  100.0,  2.424,
2490200105, 021213, 125905,  124.3,  1.142,
2490200104, 021213, 125721,  150.0,  0.433,
2490200103, 021213, 125519,  175.2,  0.045,
2500200221, 030613, 130726,    6.4,  2.176,
2500200218, 030613, 130406,   25.2,  2.267,
2500200215, 030613, 130145,   45.2,  2.414,
2500200212, 030613, 125945,   76.4,  1.889,
2500200209, 030613, 125746,   99.5,  1.102,
2500200206, 030613, 125555,  124.9,  0.669,
2500200203, 030613, 125238,  176.5,  0.185,
2510200121, 040513, 125853,    5.3,  2.192,
2510200117, 040513, 125633,   25.4,  2.084,
2510200114, 040513, 125443,   45.9,  2.612,
2510200111, 040513, 125233,   75.7,  2.627,
2510200108, 040513, 125044,  100.0,  2.175,
2510200105, 040513, 124855,  125.2,  0.729,
2510200104, 040513, 124725,  149.0,  0.347,
2510200103, 040513, 124546,  174.2,  0.070,
2520200222, 051713, 140730,    7.3,  1.794,
2520200218, 051713, 140407,   25.0,  1.886,
2520200215, 051713, 140206,   45.3,  2.321,
2520200212, 051713, 135936,   75.5,  2.618,
2520200209, 051713, 135729,  100.4,  3.363,
2520200206, 051713, 135440,  124.8,  0.571,
2520200205, 051713, 135308,  149.8,  0.186,
2520200204, 051713, 135048,  175.6,  0.120,
2530200222, 062513, 132306,    8.0,  2.130,
2530200218, 062513, 132048,   25.9,  2.169,
2530200215, 062513, 131905,   45.1,  3.532,
2530200212, 062513, 131706,   76.1,  2.300,
2530200209, 062513, 131514,  101.8,  0.806,
2530200206, 062513, 131337,  125.7,  0.241,
2530200205, 062513, 131207,  149.9,  0.164,
2530200204, 062513, 131052,  175.5,  0.050,
2540200120, 091113, 130301,    6.8,  2.294,
2540200117, 091113, 130020,   25.4,  2.197,
2540200114, 091113, 125820,   45.2,  2.272,
2540200111, 091113, 125550,   75.6,  2.450,
2540200108, 091113, 125350,  101.3,  1.320,
2540200105, 091113, 125150,  125.8,  0.538,
2540200104, 091113, 125010,  151.2,  0.048,
2540200103, 091113, 124830,  175.5,  0.006,
2560200121, 102713, 125446,    7.7,  2.615,
2560200117, 102713, 125215,   25.4,  2.597,
2560200114, 102713, 125015,   45.7,  2.575,
2560200111, 102713, 124756,   75.5,  2.809,
2560200108, 102713, 124545,  100.2,  1.039,
2560200105, 102713, 124355,  124.8,  0.315,
2560200104, 102713, 124236,  151.0,  0.089,
2560200103, 102713, 124106,  175.6,  0.034,
2570200121, 112613, 130008,    7.6,  2.384,
2570200117, 112613, 125806,   25.2,  2.512,
2570200114, 112613, 125621,   45.7,  2.660,
2570200111, 112613, 125351,   74.3,  3.047,
2570200108, 112613, 125117,  100.7,  1.049,
2570200105, 112613, 124858,  126.3,  0.367,
2570200104, 112613, 124658,  150.6,  0.127,
2570200103, 112613, 124508,  175.6,  0.018,
2580200121, 122013, 131059,    7.5,  2.414,
2580200118, 122013, 130829,   25.2,  2.287,
2580200115, 122013, 130619,   45.6,  2.339,
2580200112, 122013, 130330,   74.8,  2.082,
2580200109, 122013, 130109,  100.5,  1.048,
2580200106, 122013, 125859,  125.6,  0.302,
2580200104, 122013, 125641,  149.5,  0.020,
2580200103, 122013, 125429,  174.3,  0.002,
2590200121, 011514, 131121,    6.3,  2.089,
2590200118, 011514, 130023,   23.8,  2.141,
2590200115, 011514, 125643,   45.9,  2.227,
2590200112, 011514, 125343,   75.9,  2.243,
2590200109, 011514, 125042,  101.1,  2.428,
2590200106, 011514, 124743,  126.2,  0.921,
2590200104, 011514, 124453,  150.8,  0.113,
2590200103, 011514, 124153,  175.4,  0.007,
2600200120, 021414, 133246,    7.8,  2.020,
2600200117, 021414, 133016,   26.2,  2.024,
2600200114, 021414, 132726,   44.2,  1.931,
2600200111, 021414, 132416,   74.9,  1.642,
2600200108, 021414, 132126,  100.4,  0.794,
2600200105, 021414, 131756,  125.4,  0.374,
2600200104, 021414, 131527,  151.1,  0.189,
2600200103, 021414, 131227,  174.7,  0.008,
2610200120, 030514, 132258,    7.0,  2.375,
2610200117, 030514, 132042,   24.8,  2.359,
2610200114, 030514, 131736,   46.4,  2.404,
2610200111, 030514, 131500,   75.5,  2.542,
2610200108, 030514, 131229,  100.5,  0.795,
2610200105, 030514, 131000,  124.2,  0.272,
2610200104, 030514, 130746,  150.7,  0.114,
2610200103, 030514, 130532,  174.5,  0.011,
2620200120, 041014, 131508,    4.5,  1.516,
2620200117, 041014, 131229,   23.9,  1.551,
2620200114, 041014, 131003,   45.0,  1.532,
2620200111, 041014, 130658,   72.8,  2.253,
2620200108, 041014, 130439,   99.2,  2.190,
2620200105, 041014, 130148,  124.8,  0.928,
2620200104, 041014, 125948,  149.1,  0.644,
2620200103, 041014, 125803,  175.0,  0.326,
2630200721, 060114, 130042,    5.4,  1.662,
2630200717, 060114, 125847,   24.7,  1.979,
2630200714, 060114, 125702,   44.8,  2.116,
2630200711, 060114, 125459,   75.4,  2.261,
2630200708, 060114, 125313,  100.2,  0.961,
2630200705, 060114, 125119,  125.6,  0.523,
2630200704, 060114, 125003,  149.4,  0.166,
2630200703, 060114, 124757,  174.4,  0.010,
2640200121, 063014, 125725,    5.1,  1.831,
2640200118, 063014, 125535,   24.9,  2.042,
2640200115, 063014, 125354,   45.2,  2.317,
2640200112, 063014, 125144,   75.7,  2.430,
2640200109, 063014, 124954,  100.0,  1.970,
2640200105, 063014, 124635,  124.4,  0.736,
2640200104, 063014, 124504,  150.1,  0.147,
2640200103, 063014, 124304,  175.0,  0.051,
2650200120, 091414, 130204,    7.7,  2.250,
2650200117, 091414, 125944,   25.6,  2.675,
2650200114, 091414, 125803,   45.1,  3.049,
2650200111, 091414, 125613,   75.3,  3.555,
2650200108, 091414, 125428,  100.2,  0.950,
2650200105, 091414, 125229,  125.1,  0.373,
2650200104, 091414, 125049,  150.1,  0.195,
2650200103, 091414, 124913,  174.5,  0.049,
2660200120, 101314, 130315,    8.0,  2.245,
2660200117, 101314, 130110,   24.9,  2.557,
2660200114, 101314, 125930,   45.8,  2.728,
2660200111, 101314, 125740,   74.1,  3.001,
2660200108, 101314, 125550,  100.3,  0.829,
2660200105, 101314, 125350,  124.6,  0.191,
2660200104, 101314, 125230,  150.8,  0.074,
2660200103, 101314, 125101,  175.5,  0.020,
2670200120, 112114, 125007,    6.9,  2.568,
2670200117, 112114, 124812,   25.4,  2.798,
2670200114, 112114, 124623,   44.7,  2.615,
2670200111, 112114, 124413,   74.4,  1.596,
2670200108, 112114, 124207,  100.4,  0.802,
2670200105, 112114, 124002,  125.4,  0.234,
2670200104, 112114, 123809,  150.3,  0.084,
2670200103, 112114, 123622,  175.9,  0.035,
2680200120, 121614, 130809,    7.4,  1.896,
2680200117, 121614, 130534,   25.1,  2.057,
2680200114, 121614, 130354,   44.5,  1.930,
2680200111, 121614, 130200,   75.3,  1.952,
2680200108, 121614, 130014,  100.6,  1.023,
2680200105, 121614, 125829,  125.5,  0.254,
2680200104, 121614, 125704,  149.2,  0.070,
2680200103, 121614, 125534,  175.5,  0.013,
2690200120, 022415, 130551,    4.7,  2.407,
2690200117, 022415, 130411,   25.4,  2.467,
2690200114, 022415, 130231,   47.4,  2.909,
2690200111, 022415, 130051,   75.5,  2.892,
2690200108, 022415, 125911,  100.4,  1.357,
2690200105, 022415, 125741,  124.4,  1.058,
2690200102, 022415, 125552,  150.6,  0.174,
2690200101, 022415, 125421,  174.6,  0.047,
2700200120, 032815, 132037,    4.8,  2.178,
2700200117, 032815, 131843,   24.6,  2.405,
2700200114, 032815, 131642,   44.8,  2.236,
2700200111, 032815, 131403,   75.0,  2.452,
2700200108, 032815, 131202,   99.9,  2.287,
2700200105, 032815, 130933,  125.2,  1.128,
2700200104, 032815, 130732,  150.7,  0.575,
2700200103, 032815, 130532,  174.4,  0.119,
2710200120, 042115, 130453,    5.5,  1.744,
2710200117, 042115, 130258,   24.4,  1.791,
2710200114, 042115, 130058,   44.5,  2.135,
2710200111, 042115, 125842,   75.2,  2.227,
2710200108, 042115, 125643,  100.3,  1.620,
2710200105, 042115, 125433,  123.4,  0.475,
2710200104, 042115, 125253,  150.7,  0.162,
2710200103, 042115, 125113,  175.2,  0.037,
2720200222, 052315, 125242,    6.9,  1.828,
2720200217, 052315, 124926,   26.5,  1.805,
2720200214, 052315, 124730,   45.7,  1.936,
2720200211, 052315, 124526,   75.2,  2.426,
2720200208, 052315, 124330,   99.9,  2.761,
2720200205, 052315, 124135,  126.4,  1.886,
2720200204, 052315, 124006,  150.3,  0.641,
2720200203, 052315, 123811,  175.3,  0.254,
2730200220, 061915, 125150,    8.1,  1.838,
2730200217, 061915, 124936,   24.2,  1.723,
2730200214, 061915, 124755,   46.3,  2.225,
2730200211, 061915, 124558,   76.3,  2.447,
2730200208, 061915, 124406,  101.3,  2.850,
2730200205, 061915, 124232,  125.1,  2.800,
2730200204, 061915, 124122,  150.3,  0.533,
2730200203, 061915, 124006,  175.1,  0.189,
2740200218, 071915, 132804,    6.9,  1.849,
2740200215, 071915, 132524,   24.7,  1.689,
2740200212, 071915, 132339,   44.7,  2.104,
2740200209, 071915, 132129,   74.8,  2.319,
2740200206, 071915, 131934,   99.8,  1.414,
2740200203, 071915, 131739,  124.5,  0.444,
2740200202, 071915, 131609,  149.6,  0.208,
2740200201, 071915, 131429,  174.9,  0.055,
2750200120, 081215, 125706,    4.8,  1.652,
2750200117, 081215, 125532,   25.1,  1.584,
2750200114, 081215, 125406,   45.7,  2.282,
2750200111, 081215, 125231,   75.2,  2.093,
2750200108, 081215, 125057,  102.2,  0.606,
2750200105, 081215, 124917,  125.6,  0.451,
2750200104, 081215, 124807,  151.1,  0.107,
2750200103, 081215, 124647,  176.3,  0.014,
2770200120, 101315, 125153,    5.2,  2.807,
2770200117, 101315, 125018,   24.9,  2.841,
2770200114, 101315, 124858,   45.5,  2.962,
2770200111, 101315, 124724,   74.4,  2.523,
2770200108, 101315, 124552,   99.8,  1.375,
2770200105, 101315, 124422,  125.5,  0.426,
2770200104, 101315, 124308,  149.8,  0.125,
2770200103, 101315, 124148,  176.5,  0.011,
2780200721, 111415, 125913,    5.4,  2.124,
2780200717, 111415, 125713,   25.3,  2.205,
2780200714, 111415, 125532,   47.0,  2.310,
2780200711, 111415, 125328,   75.3,  1.184,
2780200708, 111415, 125123,  100.4,  0.452,
2780200705, 111415, 124918,  125.0,  0.076,
2780200704, 111415, 124738,  151.0,  0.014,
2780200703, 111415, 124602,  176.1,  0.003,
2790200120, 120815, 131415,    4.6,  2.052,
2790200117, 120815, 131207,   25.5,  2.542,
2790200114, 120815, 131026,   45.0,  2.464,
2790200111, 120815, 130837,   75.4,  2.529,
2790200108, 120815, 130655,  100.1,  1.289,
2790200105, 120815, 130510,  125.9,  0.431,
2790200104, 120815, 130346,  150.2,  0.181,
2790200103, 120815, 130221,  175.3,  0.035,
2800200120, 011216, 131318,    7.4,  2.199,
2800200117, 011216, 131023,   25.2,  2.371,
2800200114, 011216, 130826,   45.1,  2.455,
2800200111, 011216, 130627,   73.2,  2.016,
2800200108, 011216, 130357,  101.3,  1.100,
2800200105, 011216, 130212,  126.4,  0.482,
2800200104, 011216, 130052,  149.2,  0.060,
2800200103, 011216, 125932,  175.9,  0.013,
2810200120, 020916, 130453,    6.1,  2.045,
2810200117, 020916, 130244,   24.4,  2.107,
2810200114, 020916, 130054,   44.6,  2.070,
2810200111, 020916, 125829,   74.5,  2.401,
2810200108, 020916, 125622,   98.0,  2.455,
2810200105, 020916, 125409,  125.5,  2.134,
2810200104, 020916, 125224,  150.2,  0.384,
2810200103, 020916, 125038,  175.0,  0.018,
2820200120, 030816, 125600,    7.1,  2.623,
2820200117, 030816, 125333,   25.6,  2.232,
2820200114, 030816, 125133,   45.1,  2.331,
2820200111, 030816, 124920,   75.4,  2.546,
2820200108, 030816, 124720,  100.2,  2.261,
2820200105, 030816, 124536,  125.5,  0.661,
2820200104, 030816, 124407,  149.0,  0.337,
2820200103, 030816, 124255,  172.2,  0.157,
2830200821, 041516, 130738,    4.8,  1.484,
2830200817, 041516, 130538,   24.3,  1.620,
2830200814, 041516, 130358,   44.9,  1.560,
2830200811, 041516, 130151,   76.7,  2.183,
2830200808, 041516, 125950,  101.4,  1.860,
2830200805, 041516, 125749,  128.1,  1.671,
2830200804, 041516, 125619,  148.4,  0.840,
2830200803, 041516, 125449,  177.1,  0.269,
2840200118, 052816, 135403,    7.2,  1.652,
2840200115, 052816, 135156,   27.0,  1.804,
2840200112, 052816, 134943,   47.7,  1.878,
2840200109, 052816, 134733,   78.4,  1.873,
2840200106, 052816, 134533,  102.9,  1.378,
2840200103, 052816, 134331,  127.4,  0.452,
2840200102, 052816, 134141,  152.4,  0.063,
2840200101, 052816, 134005,  177.4,  0.047,
2850200118, 071116, 134619,    4.9,  2.197,
2850200117, 071116, 134449,   24.7,  2.192,
2850200113, 071116, 134254,   45.8,  2.123,
2850200111, 071116, 134109,   74.5,  2.203,
2850200108, 071116, 133923,  100.6,  1.289,
2850200105, 071116, 133729,  127.2,  0.642,
2850200102, 071116, 133529,  151.0,  0.250,
2850200101, 071116, 133354,  175.5,  0.066,
2860200722, 081016, 131121,    6.1,  2.001,
2860200718, 081016, 130926,   25.3,  2.096,
2860200715, 081016, 130746,   45.8,  2.236,
2860200712, 081016, 130601,   73.8,  2.183,
2860200708, 081016, 130406,  100.7,  1.393,
2860200705, 081016, 130212,  126.9,  0.530,
2860200704, 081016, 130026,  152.2,  0.175,
2860200703, 081016, 125846,  179.0,  0.037,
2870200120, 101516, 130242,    5.5,  2.014,
2870200117, 101516, 130114,   24.8,  1.922,
2870200114, 101516, 125943,   44.6,  2.155,
2870200111, 101516, 125804,   75.6,  2.381,
2870200108, 101516, 125633,   99.5,  2.728,
2870200105, 101516, 125458,  124.8,  1.028,
2870200104, 101516, 125341,  150.5,  0.210,
2870200103, 101516, 125229,  175.1,  0.087,
2890200721, 012417, 130702,    5.7,  1.692,
2890200717, 012417, 130507,   24.7,  1.680,
2890200714, 012417, 130327,   44.5,  1.716,
2890200711, 012417, 130127,   75.0,  1.705,
2890200708, 012417, 125937,   99.1,  0.665,
2890200705, 012417, 125757,  124.8,  0.364,
2890200704, 012417, 125642,  148.7,  0.225,
2890200703, 012417, 125517,  175.3,  0.019,
2900200621, 022317, 131202,    6.1,  2.141,
2900200617, 022317, 131012,   25.8,  2.196,
2900200614, 022317, 130847,   45.9,  2.217,
2900200611, 022317, 130712,   76.7,  2.169,
2900200608, 022317, 130547,  100.6,  1.984,
2900200605, 022317, 130402,  127.4,  0.459,
2900200604, 022317, 130237,  152.7,  0.156,
2900200603, 022317, 130042,  182.2,  0.062,
2910200118, 032817, 105835,    5.2,  1.835,
2910200115, 032817, 105644,   24.0,  2.311,
2910200112, 032817, 105504,   46.0,  2.258,
2910200109, 032817, 105325,   75.2,  1.767,
2910200106, 032817, 105130,  101.2,  1.181,
2910200103, 032817, 104930,  125.6,  0.745,
2910200102, 032817, 104805,  151.2,  0.292,
2910200101, 032817, 104625,  175.2,  0.072,
2920200120, 042517, 125809,    5.5,  1.854,
2920200117, 042517, 125639,   24.3,  1.895,
2920200114, 042517, 125520,   45.9,  2.167,
2920200111, 042517, 125349,   75.5,  2.776,
2920200108, 042517, 125229,  100.5,  2.597,
2920200105, 042517, 125104,  124.7,  0.841,
2920200104, 042517, 124954,  150.4,  0.265,
2920200103, 042517, 124824,  175.1,  0.039,
2930200120, 052317, 135621,    4.7,  2.190,
2930200117, 052317, 135423,   25.8,  2.151,
2930200114, 052317, 135144,   45.3,  2.621,
2930200112, 052317, 134923,   77.3,  2.894,
2930200108, 052317, 134606,  100.3,  2.249,
2930200105, 052317, 134425,  124.8,  1.408,
2930200104, 052317, 134248,  150.5,  0.359,
2930200103, 052317, 134107,  175.1,  0.124,
2940200122, 062017, 131816,    7.5,  2.540,
2940200117, 062017, 131235,   26.1,  3.096,
2940200114, 062017, 130935,   46.6,  2.903,
2940200111, 062017, 130618,   76.3,  2.842,
2940200108, 062017, 130321,  101.5,  2.303,
2940200105, 062017, 130035,  125.1,  0.757,
2940200104, 062017, 125749,  151.5,  0.381,
2940200103, 062017, 125526,  175.2,  0.195,
2950200121, 080817, 130246,    4.8,  2.339,
2950200118, 080817, 130057,   25.3,  2.542,
2950200115, 080817, 125857,   47.4,  2.476,
2950200112, 080817, 125708,   76.8,  2.448,
2950200109, 080817, 125528,  100.6,  1.328,
2950200106, 080817, 125327,  126.9,  0.166,
2950200104, 080817, 125201,  152.7,  0.049,
2950200103, 080817, 125030,  176.3,  0.024,
2960200722, 100717, 134337,    5.5,  1.659,
2960200719, 100717, 134147,   26.2,  1.662,
2960200716, 100717, 133947,   46.0,  1.656,
2960200713, 100717, 133717,   75.6,  1.734,
2960200710, 100717, 133458,  101.4,  2.285,
2960200707, 100717, 133232,  126.7,  0.955,
2960200704, 100717, 132937,  150.9,  0.209,
2960200703, 100717, 132752,  175.8,  0.020,
2970200120, 110817, 125345,    8.1,  1.981,
2970200117, 110817, 125140,   26.6,  1.885,
2970200114, 110817, 124945,   45.2,  1.880,
2970200111, 110817, 124714,   74.7,  1.291,
2970200108, 110817, 124501,  101.0,  1.053,
2970200106, 110817, 124246,  126.3,  0.294,
2970200104, 110817, 124057,  151.9,  0.018,
2970200103, 110817, 123911,  176.2,  0.003,
2980200120, 121217, 132041,    5.1,  2.305,
2980200117, 121217, 131840,   26.0,  2.258,
2980200114, 121217, 131642,   46.3,  2.439,
2980200111, 121217, 131436,   76.2,  1.669,
2980200108, 121217, 131236,  101.7,  0.554,
2980200105, 121217, 131036,  128.1,  0.296,
2980200104, 121217, 130846,  152.4,  0.048,
2980200103, 121217, 130653,  176.0,  0.004,
2990200121, 011718, 132910,    7.0,  1.960,
2990200117, 011718, 132714,   24.4,  2.081,
2990200114, 011718, 132538,   45.3,  2.356,
2990200111, 011718, 132343,   74.3,  2.371,
2990200108, 011718, 132140,  100.9,  2.493,
2990200105, 011718, 131932,  124.0,  1.300,
2990200104, 011718, 131803,  148.9,  0.365,
2990200103, 011718, 131629,  174.3,  0.069,
3000200120, 022518, 125410,    5.0,  1.820,
3000200117, 022518, 125216,   25.1,  1.820,
3000200114, 022518, 125024,   44.9,  1.834,
3000200111, 022518, 124815,   75.4,  2.137,
3000200108, 022518, 124634,  100.5,  0.973,
3000200105, 022518, 124445,  125.9,  0.481,
3000200104, 022518, 124316,  150.3,  0.337,
3000200103, 022518, 124135,  174.1,  0.030,
3010200621, 041818, 130307,    5.3,  2.014,
3010200618, 041818, 130120,   25.3,  2.032,
3010200615, 041818, 125923,   46.4,  2.021,
3010200612, 041818, 125712,   73.8,  2.527,
3010200609, 041818, 125448,  100.8,  2.431,
3010200606, 041818, 125244,  127.1,  1.809,
3010200605, 041818, 125119,  150.2,  0.537,
3010200604, 041818, 124959,  176.1,  0.065,
3020200723, 051618, 142147,    4.8,  1.880,
3020200719, 051618, 141907,   25.9,  2.272,
3020200717, 051618, 141737,   45.0,  2.187,
3020200714, 051618, 141432,   75.1,  2.371,
3020200712, 051618, 141148,  100.9,  2.079,
3020200710, 051618, 140907,  124.8,  0.765,
3020200706, 051618, 140557,  150.4,  0.270,
3020200704, 051618, 140347,  176.9,  0.081,
3030200118, 062618, 135315,   25.6,  1.523,
3030200115, 062618, 135056,   46.4,  1.663,
3030200112, 062618, 134757,   75.7,  2.042,
3030200109, 062618, 134513,  107.9,  2.211,
3030200106, 062618, 134218,  127.1,  1.385,
3030200104, 062618, 134014,  150.9,  0.411,
3030200103, 062618, 133749,  177.3,  0.110,
3040200123, 072418, 120257,    6.2,  2.081,
3040200117, 072418, 120008,   26.2,  2.157,
3040200114, 072418, 115818,   46.3,  2.584,
3040200111, 072418, 115607,   76.1,  2.533,
3040200108, 072418, 115406,  100.9,  0.992,
3040200105, 072418, 115147,  126.2,  0.247,
3040200104, 072418, 115014,  151.5,  0.122,
3040200103, 072418, 114848,  175.4,  0.028,
3050200121, 091018, 123519,    7.3,  1.929,
3050200117, 091018, 123201,   25.6,  2.075,
3050200114, 091018, 122859,   45.7,  2.366,
3050200111, 091018, 122601,   76.1,  2.006,
3050200108, 091018, 122333,  100.0,  0.745,
3050200105, 091018, 122052,  125.2,  0.200,
3050200104, 091018, 121852,  152.0,  0.116,
3050200103, 091018, 121700,  175.0,  0.083,
3060200121, 101218, 131937,    4.6,  2.276,
3060200117, 101218, 131722,   24.1,  2.215,
3060200114, 101218, 131536,   44.4,  2.196,
3060200111, 101218, 131338,   73.0,  2.292,
3060200108, 101218, 131137,   99.3,  0.841,
3060200105, 101218, 130934,  125.7,  0.143,
3060200104, 101218, 130817,  149.8,  0.046,
3060200103, 101218, 130632,  175.4,  0.012,
3070200121, 111618, 131236,    6.8,  1.905,
3070200117, 111618, 130850,   24.0,  1.909,
3070200114, 111618, 130635,   44.3,  1.959,
3070200111, 111618, 130408,   75.8,  2.055,
3070200108, 111618, 130207,   98.9,  1.028,
3070200105, 111618, 125935,  126.1,  0.441,
3070200104, 111618, 125749,  149.8,  0.012,
3070200103, 111618, 125544,  174.8,  0.000,
3090200121, 011519, 124310,    6.8,  2.737,
3090200117, 011519, 124009,   24.2,  2.797,
3090200114, 011519, 123754,   44.7,  2.609,
3090200111, 011519, 123439,   76.0,  1.817,
3090200108, 011519, 123240,  100.6,  0.618,
3090200105, 011519, 123029,  125.3,  0.313,
3090200104, 011519, 122849,  150.4,  0.054,
3090200103, 011519, 122714,  176.2,  0.021,
3100201024, 022119, 073330,    5.2,  1.421,
3100201021, 022119, 073133,   24.4,  1.566,
3100201020, 022119, 073000,   43.9,  1.624,
3100201017, 022119, 072653,   72.9,  1.461,
3100201015, 022119, 072403,   98.3,  0.779,
3100201013, 022119, 072124,  123.4,  0.475,
3100201010, 022119, 071835,  151.2,  0.142,
3100201008, 022119, 071646,  174.2,  0.012,
3110200121, 050219, 124337,    5.0,  2.258,
3110200117, 050219, 124001,   24.7,  2.257,
3110200114, 050219, 123801,   44.5,  2.416,
3110200111, 050219, 123531,   74.9,  2.462,
3110200108, 050219, 123237,   99.7,  2.553,
3110200105, 050219, 123008,  124.7,  1.946,
3110200104, 050219, 122752,  149.6,  0.775,
3110200103, 050219, 122553,  174.7,  0.239,
3120200121, 061119, 142444,    5.2,  1.872,
3120200117, 061119, 142140,   24.3,  2.288,
3120200114, 061119, 141949,   45.0,  2.923,
3120200111, 061119, 141721,   75.1,  2.685,
3120200108, 061119, 141519,   99.4,  2.569,
3120200105, 061119, 141231,  124.4,  0.937,
3120200104, 061119, 141024,  150.2,  0.086,
3120200103, 061119, 140058,  169.3,  0.035,
3130200121, 070119, 123545,    5.4,  1.951,
3130200117, 070119, 123226,   25.1,  2.077,
3130200114, 070119, 122915,   45.5,  2.411,
3130200111, 070119, 122326,   74.7,  2.541,
3130200108, 070119, 121940,   99.5,  0.705,
3130200105, 070119, 121740,  125.1,  0.311,
3130200104, 070119, 121600,  149.8,  0.139,
3130200103, 070119, 121350,  175.0,  0.071,
3140200121, 080219, 124139,    5.2,  1.981,
3140200117, 080219, 123750,   25.1,  1.938,
3140200114, 080219, 123018,   44.9,  1.960,
3140200111, 080219, 122739,   74.1,  2.675,
3140200108, 080219, 122504,   99.0,  2.556,
3140200105, 080219, 122215,  125.3,  0.601,
3140200104, 080219, 121938,  149.5,  0.134,
3140200103, 080219, 121632,  174.5,  0.023,
3150200121, 090419, 123420,    5.3,  1.940,
3150200117, 090419, 123138,   25.3,  2.070,
3150200114, 090419, 122934,   45.0,  2.515,
3150200111, 090419, 122707,   74.5,  2.404,
3150200108, 090419, 122455,   99.7,  2.566,
3150200105, 090419, 122304,  126.2,  0.667,
3150200104, 090419, 122144,  150.1,  0.184,
3150200103, 090419, 121954,  174.7,  0.071,
3160200121, 101719, 122053,    4.6,  2.046,
3160200117, 101719, 121900,   24.7,  2.016,
3160200114, 101719, 121746,   45.1,  2.038,
3160200111, 101719, 121611,   74.6,  1.722,
3160200108, 101719, 121441,  100.4,  0.830,
3160200105, 101719, 121319,  125.0,  0.208,
3160200104, 101719, 121210,  148.9,  0.035,
3160200103, 101719, 121056,  174.9,  0.012,
3170200121, 121919, 130413,    4.7,  1.985,
3170200118, 121919, 130219,   25.0,  2.061,
3170200115, 121919, 130029,   44.6,  2.001,
3170200112, 121919, 125832,   76.1,  1.918,
3170200109, 121919, 125629,  100.9,  1.027,
3170200106, 121919, 125439,  124.2,  0.554,
3170200104, 121919, 125303,  150.4,  0.056,
3170200103, 121919, 125124,  176.0,  0.007,
3180200617, 010820, 132749,    5.1,  1.832,
3180200615, 010820, 132540,   24.4,  1.798,
3180200614, 010820, 132332,   43.6,  1.794,
3180200612, 010820, 132007,   74.5,  1.727,
3180200610, 010820, 131719,   98.8,  0.932,
3180200608, 010820, 131400,  123.9,  0.234,
3180200606, 010820, 131108,  150.4,  0.004,
3190200121, 013020, 131407,    6.8,  2.113,
3190200117, 013020, 131109,   24.3,  2.115,
3190200114, 013020, 130916,   44.4,  2.261,
3190200111, 013020, 130658,   75.1,  1.388,
3190200108, 013020, 130438,  100.0,  0.783,
3190200105, 013020, 130209,  123.7,  0.324,
3190200104, 013020, 130027,  150.6,  0.066,
3190200103, 013020, 125839,  176.8,  0.008,
3200200122, 071420, 125526,    4.4,  2.034,
3200200118, 071420, 125158,   24.6,  2.176,
3200200115, 071420, 124938,   45.0,  3.070,
3200200112, 071420, 124701,   74.8,  2.401,
3200200109, 071420, 124539,   99.5,  1.822,
3200200106, 071420, 124414,  123.9,  0.880,
3200200103, 071420, 124237,  149.2,  0.210,
3200200101, 071420, 124103,  174.1,  0.051,
3210200122, 080720, 125611,    4.6,  2.121,
3210200119, 080720, 125317,   24.3,  2.083,
3210200115, 080720, 125042,   44.2,  2.258,
3210200112, 080720, 124804,   74.6,  2.875,
3210200109, 080720, 124555,   99.3,  2.911,
3210200106, 080720, 124421,  124.5,  0.403,
3210200103, 080720, 124232,  149.3,  0.118,
3210200101, 080720, 124045,  175.6,  0.045,
3220200322, 090220, 130825,    4.7,  2.146,
3220200318, 090220, 130435,   24.6,  2.103,
3220200315, 090220, 130151,   44.5,  2.252,
3220200312, 090220, 125847,   74.6,  2.718,
3220200309, 090220, 125558,   99.9,  1.510,
3220200306, 090220, 125321,  125.2,  0.399,
3220200303, 090220, 125047,  149.7,  0.152,
3220200301, 090220, 124820,  174.9,  0.085,
3230200122, 092620, 131936,    4.2,  2.039,
3230200118, 092620, 131631,   23.2,  1.939,
3230200117, 092620, 131500,   43.3,  1.981,
3230200114, 092620, 131242,   74.0,  2.727,
3230200111, 092620, 130958,   98.7,  1.783,
3230200106, 092620, 130711,  125.0,  0.278,
3230200103, 092620, 130447,  148.7,  0.120,
3230200101, 092620, 130216,  174.8,  0.071,
3240200122, 111820, 125259,    4.3,  2.056,
3240200118, 111820, 125021,   25.6,  2.066,
3240200115, 111820, 124830,   45.0,  2.149,
3240200112, 111820, 124617,   74.2,  1.100,
3240200109, 111820, 124437,   99.5,  0.551,
3240200106, 111820, 124303,  124.8,  0.202,
3240200103, 111820, 124128,  150.2,  0.052,
3240200101, 111820, 123948,  174.0,  0.010,
3250200121, 121820, 125700,    5.5,  1.937,
3250200118, 121820, 125428,   26.0,  1.948,
3250200115, 121820, 125224,   44.9,  1.906,
3250200112, 121820, 125013,   75.7,  1.884,
3250200109, 121820, 124805,  101.5,  0.630,
3250200106, 121820, 124620,  125.4,  0.097,
3250200103, 121820, 124420,  148.6,  0.010,
3250200101, 121820, 124239,  175.0,  0.002,
3260200122, 011221, 124813,    4.4,  1.513,
3260200119, 011221, 124617,   24.8,  1.635,
3260200116, 011221, 124436,   41.9,  1.690,
3260200113, 011221, 124232,   75.4,  1.874,
3260200110, 011221, 124044,   98.9,  1.645,
3260200107, 011221, 123839,  125.0,  0.414,
3260200104, 011221, 123647,  149.7,  0.062,
3260200101, 011221, 123457,  176.1,  0.007,
3270200122, 021621, 124413,    4.5,  1.614,
3270200119, 021621, 124218,   23.9,  2.256,
3270200116, 021621, 124022,   44.2,  1.815,
3270200113, 021621, 123818,   74.4,  2.047,
3270200110, 021621, 123622,  100.6,  1.582,
3270200107, 021621, 123409,  124.7,  0.680,
3270200104, 021621, 123149,  152.3,  0.162,
3270200101, 021621, 122936,  174.5,  0.015,
3280200122, 032321, 131956,    5.4,  1.790,
3280200119, 032321, 131759,   25.5,  1.795,
3280200116, 032321, 131540,   43.9,  1.822,
3280200113, 032321, 131248,   74.2,  1.716,
3280200110, 032321, 131030,  100.3,  0.796,
3280200108, 032321, 130826,  124.9,  0.420,
3280200104, 032321, 130551,  149.4,  0.341,
3280200103, 032321, 130403,  175.0,  0.076,
3290200122, 041321, 125518,    5.6,  1.786,
3290200119, 041321, 125309,   25.5,  1.871,
3290200116, 041321, 125035,   45.1,  2.265,
3290200113, 041321, 124832,   75.0,  2.161,
3290200111, 041321, 124650,   99.7,  1.587,
3290200108, 041321, 124504,  124.2,  0.406,
3290200104, 041321, 124228,  149.5,  0.039,
3290200101, 041321, 124019,  173.6,  0.002,
3300200122, 051621, 130258,    4.5,  2.006,
3300200119, 051621, 130057,   25.1,  2.010,
3300200116, 051621, 125828,   44.2,  1.856,
3300200113, 051621, 125548,   73.5,  1.840,
3300200110, 051621, 125343,   99.3,  0.933,
3300200107, 051621, 125144,  123.8,  0.507,
3300200104, 051621, 124938,  148.7,  0.160,
3300200101, 051621, 124733,  174.1,  0.112,
3310200123, 062221, 125712,    7.1,  1.879,
3310200120, 062221, 125427,   25.5,  2.073,
3310200117, 062221, 125218,   45.2,  2.283,
3310200114, 062221, 124941,   74.2,  2.364,
3310200111, 062221, 124758,  100.2,  2.103,
3310200108, 062221, 124622,  124.4,  1.041,
3310200105, 062221, 124448,  149.6,  0.358,
3310200102, 062221, 124313,  173.1,  0.133,
3320200724, 071721, 125735,    5.1,  1.737,
3320200719, 071721, 125501,   25.4,  1.761,
3320200718, 071721, 125330,   44.6,  2.048,
3320200713, 071721, 125112,   75.3,  1.861,
3320200710, 071721, 124921,  100.8,  1.354,
3320200707, 071721, 124751,  125.5,  0.470,
3320200706, 071721, 124637,  150.2,  0.132,
3330200522, 102921, 130727,    6.7,  2.487,
3330200519, 102921, 130432,   27.0,  2.436,
3330200517, 102921, 130202,   46.8,  2.908,
3330200513, 102921, 125921,   75.7,  2.311,
3330200510, 102921, 125740,  100.1,  1.251,
3330200507, 102921, 125542,  124.8,  0.506,
3330200504, 102921, 125356,  149.4,  0.081,
3330200501, 102921, 125142,  173.8,  0.017,
3340201110, 120721, 130312,    5.8,  1.586,
3340201109, 120721, 130149,   25.0,  1.589,
3340201108, 120721, 130014,   45.0,  1.472,
3340201107, 120721, 125720,   76.7,  1.082,
3340201106, 120721, 125537,  101.0,  0.477,
3340201105, 120721, 125410,  125.2,  0.193,
3340201104, 120721, 125227,  150.1,  0.070,
3340201103, 120721, 125100,  175.3,  0.013,