Hawaii Ocean Time-series : 09-Aug-2023 23:54:04
https://hahana.soest.hawaii.edu/hot/hot-dogs/bextraction.html

botid, date, time, press, pbact, 
#, mmddyy, hhmmss, dbar, #*1e5/ml, 
0220201407, 122090, 063251,  101.8,  0.633,
0220201403, 122090, 062911,  122.0,  0.289,
0220201401, 122090, 062707,  144.9,  0.077,
0220201509, 122090, 101403,    7.7,  1.704,
0220201506, 122090, 101056,   26.1,  1.610,
0220201504, 122090, 100904,   52.4,  1.100,
0220201503, 122090, 100742,   77.6,  1.026,
0230200515, 020391, 155405,    6.7,  1.748,
0230200514, 020391, 155301,   26.5,  1.603,
0230200513, 020391, 155201,   46.6,  2.129,
0230200512, 020391, 155029,   79.6,  1.466,
0230200511, 020391, 154920,  104.2,  1.292,
0230200510, 020391, 154811,  113.5,  0.925,
0230200509, 020391, 154715,  119.5,  0.664,
0230200507, 020391, 154559,  130.5,  0.557,
0230200506, 020391, 154342,  162.4,  0.149,
0230200504, 020391, 154159,  185.0,  0.000,
0240200723, 030891, 224749,    4.5,  1.993,
0240200722, 030891, 224618,   31.1,  2.112,
0240200721, 030891, 224450,   49.6,  2.184,
0240200720, 030891, 224313,   72.9,  0.916,
0240200719, 030891, 224152,  101.7,  0.595,
0240200717, 030891, 223903,  124.6,  0.372,
0240200716, 030891, 223721,  139.5,  0.189,
0240200714, 030891, 223433,  147.6,  0.031,
0240200713, 030891, 223322,  156.0,  0.076,
0240200712, 030891, 223201,  179.9,  0.072,
0250201317, 041191, 094900,    8.2,  1.791,
0250201316, 041191, 094719,   27.7,  1.877,
0250201315, 041191, 094611,   46.9,  1.849,
0250201314, 041191, 094443,   76.9,  2.244,
0250201312, 041191, 094302,   92.1,  1.926,
0250201311, 041191, 094209,  102.2,  1.597,
0250201308, 041191, 094043,  107.2,  1.060,
0250201307, 041191, 093956,  117.0,  0.730,
0250201306, 041191, 093800,  131.4,  0.280,
0250201305, 041191, 093707,  140.5,  0.191,
0250201304, 041191, 093601,  155.7,  0.059,
0250201303, 041191, 093443,  181.0,  0.017,
0260200722, 050991, 122528,   25.4,  1.620,
0260200721, 050991, 122420,   47.7,  1.580,
0260200720, 050991, 122246,   80.5,  1.846,
0270200720, 060591, 101708,    6.1,  2.175,
0270200714, 060591, 101422,   27.4,  2.035,
0270200713, 060591, 101244,   50.5,  2.080,
0270200712, 060591, 101127,   79.8,  2.019,
0270200711, 060591, 101017,  105.8,  1.282,
0270200710, 060591, 100853,  132.1,  0.572,
0270200708, 060591, 100744,  141.0,  0.285,
0270200706, 060591, 100611,  157.1,  0.098,
0270200705, 060591, 100502,  184.4,  0.037,
0280200617, 071091, 105929,    8.8,  1.077,
0280200616, 071091, 105829,   28.1,  0.530,
0280200615, 071091, 105727,   50.0,  1.770,
0280200614, 071091, 105630,   77.5,  2.018,
0280200613, 071091, 105544,   98.0,  0.227,
0280200612, 071091, 105447,  110.0,  1.883,
0280200611, 071091, 105335,  120.2,  0.167,
0280200607, 071091, 105202,  130.9,  0.074,
0280200606, 071091, 105100,  139.0,  0.024,
0280200605, 071091, 104952,  154.7,  0.005,
0290201214, 081191, 072934,    5.8,  1.521,
0290201213, 081191, 072840,   24.9,  1.605,
0290201212, 081191, 072739,   49.4,  1.986,
0290201211, 081191, 072633,   77.2,  2.417,
0290201210, 081191, 072533,  101.8,  2.093,
0290201209, 081191, 072446,  111.8,  2.059,
0290201208, 081191, 072405,  117.0,  1.662,
0290201207, 081191, 072317,  121.5,  0.953,
0290201206, 081191, 072219,  131.2,  0.200,
0290201205, 081191, 072107,  155.1,  0.174,
0290201204, 081191, 071952,  184.1,  0.028,
0300201515, 091991, 095901,   13.5,  1.945,
0300201512, 091991, 095716,   33.1,  2.312,
0300201510, 091991, 095600,   52.2,  2.450,
0300201509, 091991, 095443,   81.6,  1.886,
0300201507, 091991, 095310,  107.3,  0.497,
0300201506, 091991, 095151,  132.5,  0.218,
0300201504, 091991, 094958,  157.6,  0.081,
0300201503, 091991, 094710,  186.2,  0.024,
0310201320, 102291, 101003,    7.2,  1.486,
0310201317, 102291, 100756,   27.2,  1.568,
0310201315, 102291, 100629,   46.8,  1.796,
0310201314, 102291, 100531,   60.1,  1.882,
0310201313, 102291, 100429,   75.4,  1.585,
0310201312, 102291, 100329,   87.8,  0.785,
0310201310, 102291, 100200,  101.0,  0.475,
0310201309, 102291, 100107,  111.8,  0.308,
0310201308, 102291, 100011,  125.4,  0.001,
0310201307, 102291, 095829,  152.3,  0.106,
0310201306, 102291, 095743,  158.9,  0.063,
0360201423, -00009, -00009,    7.3,  0.573,
0360201422, -00009, -00009,   28.1,  1.422,
0360201421, -00009, -00009,   48.1,  1.560,
0360201420, -00009, -00009,   78.6,  1.465,
0360201419, -00009, -00009,  104.4,  0.661,
0360201418, -00009, -00009,  114.5,  0.541,
0360201417, -00009, -00009,  124.5,  0.525,
0360201416, -00009, -00009,  129.3,  0.431,
0360201414, -00009, -00009,  140.0,  0.249,
0360201413, -00009, -00009,  144.4,  0.176,
0360201412, -00009, -00009,  154.3,  0.132,
0360201410, -00009, -00009,  178.7,  0.008,
0370201217, 061092, 100258,    9.0,  1.063,
0370201216, 061092, 100159,   28.8,  1.504,
0370201215, 061092, 100047,   48.4,  1.651,
0370201214, 061092, 095915,   79.0,  1.256,
0370201213, 061092, 095757,  104.4,  0.796,
0370201212, 061092, 095701,  119.3,  0.703,
0370201211, 061092, 095620,  123.7,  0.650,
0370201210, 061092, 095521,  129.0,  0.622,
0370201209, 061092, 095429,  134.0,  0.480,
0370201208, 061092, 095324,  139.0,  0.450,
0370201207, 061092, 095206,  156.5,  0.216,
0370201206, 061092, 095010,  180.3,  0.065,
0380201619, 070692, 132331,    9.6,  1.240,
0380201618, 070692, 132226,   29.3,  0.810,
0380201617, 070692, 132136,   47.5,  1.161,
0380201616, 070692, 132037,   78.4,  1.410,
0380201614, 070692, 131905,   98.8,  0.984,
0380201613, 070692, 131821,  109.0,  0.520,
0380201612, 070692, 131741,  114.1,  0.424,
0380201611, 070692, 131702,  119.0,  0.363,
0380201610, 070692, 131623,  124.8,  0.335,
0380201609, 070692, 131540,  134.9,  0.198,
0380201608, 070692, 131444,  154.6,  0.075,
0380201607, 070692, 131332,  179.0,  0.021,
0390200517, 080592, 073823,    9.8,  1.106,
0390200516, 080592, 073723,   29.9,  1.363,
0390200514, 080592, 073611,   49.0,  1.345,
0390200513, 080592, 073516,   64.5,  1.150,
0390200512, 080592, 073413,   79.7,  1.093,
0390200511, 080592, 073326,   88.8,  0.971,
0390200510, 080592, 073231,  104.4,  0.741,
0390200509, 080592, 073124,  119.7,  0.492,
0390200508, 080592, 073032,  128.6,  0.315,
0390200507, 080592, 072935,  141.0,  0.225,
0390200506, 080592, 072818,  158.6,  0.141,
0390200505, 080592, 072657,  177.3,  0.087,
0400201514, -00009, -00009,   44.9,  1.251,
0400201513, -00009, -00009,   60.1,  1.369,
0400201512, -00009, -00009,   74.1,  1.460,
0400201511, -00009, -00009,   89.3,  1.371,
0400201510, -00009, -00009,   99.6,  1.296,
0400201509, -00009, -00009,  109.5,  0.979,
0400201508, -00009, -00009,  124.7,  0.700,
0400201507, -00009, -00009,  134.7,  0.304,
0400201506, -00009, -00009,  149.9,  0.215,
0400201505, -00009, -00009,  174.8,  0.002,
0420200512, -00009, -00009,    5.0,  1.337,
0420200511, -00009, -00009,   25.0,  1.411,
0420200510, -00009, -00009,   60.0,  1.362,
0420200509, -00009, -00009,   80.0,  1.397,
0420200508, -00009, -00009,   90.0,  0.536,
0420200507, -00009, -00009,  100.0,  0.462,
0420200506, -00009, -00009,  110.0,  0.197,
0420200505, -00009, -00009,  125.0,  0.045,
0420200504, -00009, -00009,  150.0,  0.013,
0420200503, -00009, -00009,  175.0,  0.000,
0430200212, -00009, -00009,    5.0,  1.560,
0430200210, -00009, -00009,   45.0,  1.494,
0430200209, -00009, -00009,   75.0,  1.505,
0430200208, -00009, -00009,   90.0,  1.275,
0430200207, -00009, -00009,  100.0,  0.793,
0430200206, -00009, -00009,  110.0,  0.507,
0430200205, -00009, -00009,  120.0,  0.293,
0430200204, -00009, -00009,  130.0,  0.215,
0430200203, -00009, -00009,  140.0,  0.164,
0430200202, -00009, -00009,  150.0,  0.145,
0440201312, 012193, 114728,    5.2,  1.943,
0440201311, 012193, 114612,   24.7,  1.962,
0440201310, 012193, 114512,   43.4,  2.005,
0440201309, 012193, 114355,   74.6,  1.896,
0440201308, 012193, 114258,   90.0,  1.402,
0440201306, 012193, 114106,  113.4,  0.455,
0440201305, 012193, 114002,  124.5,  0.189,
0440201304, 012193, 113843,  150.9,  0.059,
0440201303, 012193, 113719,  176.5,  0.004,
0450201521, -00009, -00009,    5.8,  1.371,
0450201520, -00009, -00009,   26.1,  1.515,
0450201519, -00009, -00009,   46.0,  1.873,
0450201518, -00009, -00009,   64.9,  1.292,
0450201517, -00009, -00009,   71.0,  1.527,
0450201516, 021893, 094807,   75.5,  1.139,
0450201515, 021893, 094627,   85.2,  0.897,
0450201514, 021893, 094501,   95.2,  0.812,
0450201513, 021893, 094357,  105.2,  0.722,
0450201512, 021893, 094300,  125.2,  0.153,
0450201511, 021893, 094205,  150.9,  0.059,
0450201510, 021893, 094111,  176.6,  0.005,
0460200924, 041593, 074146,    5.8,  1.284,
0460200923, 041593, 073917,   23.7,  1.517,
0460200922, 041593, 073706,   43.8,  1.638,
0460200921, 041593, 073446,   74.2,  1.745,
0460200920, 041593, 073259,   89.6,  1.658,
0460200919, 041593, 073056,  100.2,  1.651,
0460200918, 041593, 072907,  103.7,  1.610,
0460200917, 041593, 072714,  109.2,  1.047,
0460200911, 041593, 071518,  119.5,  1.128,
0460200909, 041593, 071047,  135.1,  0.478,
0460200908, 041593, 070838,  149.8,  0.256,
0460200903, 041593, 065936,  173.1,  0.073,
0470200323, 052093, 075043,   24.5,  1.752,
0470200322, 052093, 074926,   45.1,  1.707,
0470200321, 052093, 074754,   75.7,  2.483,
0470200320, 052093, 074629,  100.7,  1.801,
0470200319, 052093, 074528,  109.4,  1.460,
0470200318, 052093, 074420,  119.2,  1.141,
0470200317, 052093, 074250,  128.8,  0.657,
0470200316, 052093, 074152,  135.1,  0.555,
0470200310, 052093, 073817,  144.1,  0.464,
0470200309, 052093, 073646,  160.8,  0.261,
0470200308, 052093, 073515,  174.7,  0.042,
0490201723, 091593, 100623,    5.2,  0.759,
0490201721, 091593, 100432,   25.1,  0.797,
0490201719, 091593, 100239,   46.2,  0.734,
0490201716, 091593, 095929,   76.0,  0.746,
0490201714, 091593, 095653,  100.7,  0.515,
0490201713, 091593, 095515,  115.9,  0.253,
0490201712, 091593, 095338,  120.7,  0.213,
0490201711, 091593, 095228,  125.9,  0.156,
0490201710, 091593, 095104,  130.1,  0.167,
0490201709, 091593, 094929,  139.9,  0.125,
0490201708, 091593, 094803,  149.8,  0.079,
0490201706, 091593, 094559,  175.6,  0.014,
0500201419, 103093, 092427,    5.7,  2.071,
0500201418, 103093, 092246,   25.8,  1.748,
0500201417, 103093, 092106,   47.4,  1.520,
0500201415, 103093, 091825,   74.4,  1.880,
0500201414, 103093, 091652,   90.0,  1.060,
0500201413, 103093, 091531,  100.4,  0.614,
0500201411, 103093, 091254,  115.6,  0.325,
0500201410, 103093, 091128,  119.7,  0.264,
0500201409, 103093, 091009,  125.6,  0.229,
0500201408, 103093, 090837,  137.1,  0.124,
0500201407, 103093, 090700,  151.7,  0.030,
0500201406, 103093, 090507,  175.1,  0.002,
0510201317, 012194, 134205,    7.1,  1.265,
0510201315, 012194, 134004,   27.0,  1.341,
0510201314, 012194, 133847,   46.3,  1.413,
0510201312, 012194, 133607,   75.0,  1.336,
0510201311, 012194, 133448,   89.6,  1.365,
0510201310, 012194, 133335,  100.1,  1.116,
0510201309, 012194, 133208,  116.0,  0.499,
0510201308, 012194, 133058,  126.1,  0.371,
0510201307, 012194, 132951,  135.3,  0.302,
0510201306, 012194, 132820,  148.8,  0.155,
0510201305, 012194, 132635,  173.7,  0.009,
0520201316, 021894, 084037,    6.3,  2.387,
0520201315, 021894, 083907,   25.8,  2.363,
0520201314, 021894, 083738,   44.2,  2.060,
0520201313, 021894, 083603,   60.5,  1.813,
0520201312, 021894, 083438,   77.5,  1.349,
0520201311, 021894, 083342,   86.1,  1.434,
0520201310, 021894, 083222,  102.1,  1.624,
0520201309, 021894, 083058,  126.4,  1.165,
0520201308, 021894, 082956,  135.6,  1.037,
0520201307, 021894, 082843,  149.8,  1.294,
0520201306, 021894, 082712,  174.0,  0.218,
0520201305, 021894, 082526,  191.9,  0.160,
0530201516, 031094, 085819,    4.5,  1.681,
0530201515, 031094, 085707,   24.4,  1.980,
0530201514, 031094, 085604,   44.5,  2.056,
0530201513, 031094, 085457,   74.7,  2.251,
0530201512, 031094, 085345,   99.4,  2.403,
0530201511, 031094, 085213,  124.6,  1.553,
0530201510, 031094, 085103,  141.0,  0.734,
0530201509, 031094, 085009,  145.1,  0.711,
0530201508, 031094, 084919,  150.0,  0.417,
0530201507, 031094, 084827,  154.6,  0.488,
0530201506, 031094, 084732,  160.5,  0.361,
0530201505, 031094, 084637,  176.1,  0.139,
0540200415, 061894, 203509,    5.1,  1.611,
0540200414, 061894, 203329,   24.0,  1.708,
0540200413, 061894, 203143,   44.4,  1.901,
0540200412, 061894, 202924,   74.9,  1.810,
0540200411, 061894, 202719,   98.7,  1.824,
0540200410, 061894, 202711,   98.7,  1.815,
0540200409, 061894, 202510,  126.0,  1.095,
0540200408, 061894, 202329,  140.4,  0.634,
0540200407, 061894, 202156,  150.0,  0.566,
0540200406, 061894, 202004,  160.3,  0.409,
0540200405, 061894, 201825,  175.1,  0.204,
0550201312, 072694, 121000,    5.2,  1.977,
0550201311, 072694, 120824,   24.9,  2.132,
0550201310, 072694, 120645,   43.6,  2.416,
0550201309, 072694, 120516,   74.6,  1.766,
0550201308, 072694, 120326,  100.6,  0.716,
0550201307, 072694, 120156,  109.9,  0.394,
0550201306, 072694, 120028,  123.8,  0.289,
0550201305, 072694, 115806,  150.5,  0.115,
0550201304, 072694, 115602,  173.7,  0.010,
0560201424, 083194, 101551,    5.1,  2.002,
0560201423, 083194, 101438,    9.9,  2.079,
0560201422, 083194, 101311,   25.4,  1.968,
0560201421, 083194, 101144,   34.5,  2.020,
0560201420, 083194, 101014,   45.0,  2.256,
0560201419, 083194, 100843,   59.8,  3.724,
0560201418, 083194, 100705,   74.4,  2.376,
0560201416, 083194, 100402,  100.2,  0.763,
0560201412, 083194, 095853,  149.6,  0.089,
0560201411, 083194, 095718,  165.6,  0.062,
0560201410, 083194, 095608,  174.8,  0.058,
0570201216, 092494, 080853,    5.7,  1.949,
0570201214, 092494, 080720,   25.5,  2.021,
0570201213, 092494, 080536,   45.7,  2.085,
0570201212, 092494, 080321,   75.6,  2.100,
0570201211, 092494, 080221,   85.3,  2.018,
0570201210, 092494, 080122,   95.3,  1.935,
0570201209, 092494, 080027,  100.5,  1.743,
0570201208, 092494, 075932,  111.7,  0.971,
0570201207, 092494, 075818,  126.1,  0.487,
0570201206, 092494, 075703,  150.9,  0.154,
0570201205, 092494, 075551,  174.6,  0.018,
0580201512, 101694, 111329,    5.0,  1.823,
0580201511, 101694, 111154,   24.5,  1.900,
0580201510, 101694, 111020,   45.6,  2.150,
0580201509, 101694, 110829,   75.5,  2.299,
0580201508, 101694, 110651,  101.2,  1.477,
0580201507, 101694, 110512,  125.8,  0.499,
0580201506, 101694, 110329,  151.7,  0.116,
0580201505, 101694, 110137,  177.8,  0.010,
0590200615, 112094, 104440,    5.6,  1.844,
0590200614, 112094, 104245,   26.1,  1.736,
0590200613, 112094, 104124,   45.9,  1.778,
0590200612, 112094, 103940,   76.1,  1.637,
0590200611, 112094, 103831,   90.1,  1.247,
0590200610, 112094, 103728,   99.4,  0.885,
0590200609, 112094, 103625,  109.9,  0.341,
0590200608, 112094, 103511,  128.6,  0.151,
0590200607, 112094, 103245,  149.4,  0.019,
0590200606, 112094, 103116,  175.9,  0.000,
0600200616, 020795, 091418,    5.6,  1.541,
0600200614, 020795, 091236,   24.5,  1.627,
0600200613, 020795, 091056,   44.8,  1.638,
0600200612, 020795, 090835,   75.7,  2.224,
0600200611, 020795, 090629,  101.2,  2.037,
0600200610, 020795, 090507,  114.2,  1.506,
0600200609, 020795, 090353,  123.9,  0.783,
0600200608, 020795, 090257,  134.3,  0.520,
0600200607, 020795, 090202,  140.8,  0.432,
0600200606, 020795, 090059,  150.9,  0.239,
0600200605, 020795, 085929,  174.6,  0.075,
0610201312, 030595, 114219,    4.8,  2.232,
0610201311, 030595, 114027,   25.4,  2.172,
0610201310, 030595, 113845,   44.8,  2.284,
0610201309, 030595, 113709,   74.5,  0.962,
0610201308, 030595, 113520,  100.8,  0.492,
0610201307, 030595, 113314,  124.3,  0.126,
0610201306, 030595, 113126,  150.6,  0.016,
0610201305, 030595, 112911,  174.0,  0.006,
0620201415, 040795, 100406,    4.7,  1.580,
0620201414, 040795, 100230,   24.5,  1.515,
0620201413, 040795, 100055,   44.4,  1.830,
0620201412, 040795, 095858,   74.2,  2.309,
0620201411, 040795, 095719,  100.6,  2.010,
0620201410, 040795, 095440,  125.8,  0.649,
0620201409, 040795, 095327,  134.3,  0.401,
0620201408, 040795, 095221,  137.5,  0.338,
0620201407, 040795, 095049,  145.4,  0.323,
0620201406, 040795, 094950,  149.5,  0.291,
0620201405, 040795, 094753,  174.6,  0.121,
0630201317, 050895, 091727,    4.9,  2.268,
0630201315, 050895, 091548,   24.5,  2.288,
0630201314, 050895, 091400,   45.2,  2.832,
0630201313, 050895, 091227,   75.0,  2.634,
0630201312, 050895, 091102,   99.4,  2.842,
0630201311, 050895, 091006,  110.0,  2.575,
0630201310, 050895, 090918,  115.2,  2.266,
0630201309, 050895, 090824,  120.1,  2.282,
0630201308, 050895, 090729,  125.0,  1.292,
0630201307, 050895, 090554,  150.6,  0.210,
0630201306, 050895, 090427,  175.7,  0.055,
0640201518, 073195, 180223,    4.3,  2.077,
0640201516, 073195, 180048,   25.0,  2.252,
0640201514, 073195, 175858,   39.9,  2.738,
0640201513, 073195, 175709,   59.6,  1.982,
0640201512, 073195, 175502,   79.1,  1.142,
0640201510, 073195, 175319,   89.9,  0.586,
0640201508, 073195, 175116,   99.4,  0.075,
0640201506, 073195, 174911,  150.1,  0.212,
0650210008, 082995, -00009,    5.0,  2.071,
0650210007, 082995, -00009,   25.0,  2.216,
0650210006, 082995, -00009,   45.0,  2.147,
0650210004, 082995, -00009,  100.0,  1.079,
0650210003, 082995, -00009,  125.0,  0.341,
0650210002, 082995, -00009,  150.0,  0.025,
0660201418, 092895, 100216,    4.9,  2.238,
0660201417, 092895, 100058,   16.0,  2.317,
0660201416, 092895, 100010,   24.8,  2.298,
0660201415, 092895, 095904,   34.9,  2.599,
0660201414, 092895, 095806,   44.2,  2.646,
0660201413, 092895, 095714,   54.7,  2.947,
0660201412, 092895, 095624,   64.5,  2.856,
0660201411, 092895, 095526,   74.6,  1.853,
0660201410, 092895, 095416,   94.1,  1.645,
0660201409, 092895, 095332,   99.3,  1.603,
0660201408, 092895, 095232,  110.7,  0.553,
0660201407, 092895, 095125,  124.9,  0.259,
0660201406, 092895, 095009,  149.7,  0.039,
0660201405, 092895, 094839,  174.3,  0.014,
0670210008, 102795, -00009,    5.0,  2.641,
0670210007, 102795, -00009,   25.0,  2.532,
0670210006, 102795, -00009,   45.0,  2.695,
0670210005, 102795, -00009,   75.0,  2.740,
0670210004, 102795, -00009,  100.0,  0.622,
0670210003, 102795, -00009,  125.0,  0.283,
0670210002, 102795, -00009,  150.0,  0.115,
0670210001, 102795, -00009,  175.0,  0.046,
0680210008, 111795, -00009,    5.0,  2.823,
0680210007, 111795, -00009,   25.0,  2.818,
0680210006, 111795, -00009,   45.0,  2.766,
0680210005, 111795, -00009,   75.0,  1.965,
0680210004, 111795, -00009,  100.0,  0.831,
0680210003, 111795, -00009,  125.0,  0.168,
0680210002, 111795, -00009,  150.0,  0.027,
0690210008, 011796, -00009,    5.0,  2.457,
0690210007, 011796, -00009,   25.0,  2.475,
0690210006, 011796, -00009,   45.0,  2.419,
0690210005, 011796, -00009,   75.0,  2.868,
0690210004, 011796, -00009,  100.0,  1.939,
0690210003, 011796, -00009,  125.0,  0.193,
0690210002, 011796, -00009,  150.0,  0.067,
0700210008, 032796, -00009,    5.0,  3.399,
0700210007, 032796, -00009,   25.0,  3.360,
0700210006, 032796, -00009,   45.0,  3.587,
0700210005, 032796, -00009,   75.0,  3.293,
0700210004, 032796, -00009,  100.0,  2.655,
0700210003, 032796, -00009,  125.0,  0.948,
0700210001, 032796, -00009,  175.0,  0.090,
0710210008, 042496, -00009,    5.0,  2.513,
0710210007, 042496, -00009,   25.0,  2.453,
0710210006, 042496, -00009,   45.0,  2.473,
0710210005, 042496, -00009,   75.0,  3.193,
0710210004, 042496, -00009,  100.0,  3.608,
0710210003, 042496, -00009,  125.0,  1.358,
0720210008, 052296, -00009,    5.0,  1.989,
0720210007, 052296, -00009,   25.0,  1.996,
0720210006, 052296, -00009,   45.0,  2.248,
0720210005, 052296, -00009,   75.0,  2.984,
0720210004, 052296, -00009,  100.0,  1.810,
0720210003, 052296, -00009,  125.0,  0.389,
0720210002, 052296, -00009,  150.0,  0.180,
0730210008, 062696, -00009,    5.0,  1.905,
0730210007, 062696, -00009,   25.0,  2.007,
0730210006, 062696, -00009,   45.0,  2.358,
0730210005, 062696, -00009,   75.0,  2.492,
0730210004, 062696, -00009,  100.0,  3.067,
0730210003, 062696, -00009,  125.0,  1.485,
0730210002, 062696, -00009,  150.0,  0.562,
0740210008, 072796, -00009,    5.0,  1.735,
0740210007, 072796, -00009,   25.0,  1.713,
0740210006, 072796, -00009,   45.0,  1.752,
0740210005, 072796, -00009,   75.0,  2.600,
0740210004, 072796, -00009,  100.0,  1.704,
0740210003, 072796, -00009,  125.0,  0.659,
0740210002, 072796, -00009,  150.0,  0.195,
0750210008, 082196, -00009,    5.0,  2.620,
0750210007, 082196, -00009,   25.0,  2.669,
0750210006, 082196, -00009,   45.0,  3.694,
0750210005, 082196, -00009,   75.0,  3.000,
0750210004, 082196, -00009,  100.0,  2.246,
0750210003, 082196, -00009,  125.0,  0.704,
0750210002, 082196, -00009,  150.0,  0.109,
0750210001, 082196, -00009,  175.0,  0.098,
0760210008, 100296, -00009,    5.0,  2.511,
0760210007, 100296, -00009,   25.0,  2.686,
0760210006, 100296, -00009,   45.0,  2.818,
0760210005, 100296, -00009,   75.0,  1.703,
0760210003, 100296, -00009,  125.0,  0.166,
0760210002, 100296, -00009,  150.0,  0.066,
0770210008, 103096, -00009,    5.0,  2.014,
0770210007, 103096, -00009,   25.0,  2.131,
0770210006, 103096, -00009,   45.0,  2.020,
0770210005, 103096, -00009,   75.0,  1.961,
0770210004, 103096, -00009,  100.0,  0.625,
0770210003, 103096, -00009,  125.0,  0.231,
0770210002, 103096, -00009,  150.0,  0.202,
0770210001, 103096, -00009,  175.0,  0.050,
0780210008, 121196, -00009,    5.0,  2.347,
0780210007, 121196, -00009,   25.0,  2.425,
0780210006, 121196, -00009,   45.0,  2.389,
0780210005, 121196, -00009,   75.0,  2.244,
0780210004, 121196, -00009,  100.0,  1.349,
0780210003, 121196, -00009,  125.0,  0.341,
0780210002, 121196, -00009,  150.0,  0.280,
0790210008, 010897, -00009,    5.0,  2.557,
0790210007, 010897, -00009,   25.0,  2.567,
0790210006, 010897, -00009,   45.0,  2.417,
0790210005, 010897, -00009,   75.0,  1.741,
0790210004, 010897, -00009,  100.0,  0.665,
0790210003, 010897, -00009,  125.0,  0.385,
0790210002, 010897, -00009,  150.0,  0.498,
0790210001, 010897, -00009,  175.0,  0.053,
0800210008, 021897, -00009,    5.0,  2.331,
0800210007, 021897, -00009,   25.0,  2.258,
0800210006, 021897, -00009,   45.0,  2.384,
0800210005, 021897, -00009,   75.0,  2.582,
0800210004, 021897, -00009,  100.0,  1.796,
0800210003, 021897, -00009,  125.0,  0.873,
0800210001, 021897, -00009,  175.0,  0.211,
0810210008, 031297, -00009,    5.0,  2.582,
0810210007, 031297, -00009,   25.0,  2.708,
0810210006, 031297, -00009,   45.0,  3.116,
0810210005, 031297, -00009,   75.0,  1.994,
0810210004, 031297, -00009,  100.0,  1.391,
0810210003, 031297, -00009,  125.0,  0.396,
0810210002, 031297, -00009,  150.0,  0.110,
0820210008, 040997, -00009,    5.0,  1.893,
0820210007, 040997, -00009,   25.0,  2.229,
0820210006, 040997, -00009,   45.0,  2.246,
0820210005, 040997, -00009,   75.0,  0.637,
0820210004, 040997, -00009,  100.0,  0.333,
0820210003, 040997, -00009,  125.0,  0.026,
0820210002, 040997, -00009,  150.0,  0.001,
0820210001, 040997, -00009,  175.0,  0.036,
0830210008, 050797, -00009,    5.0,  2.111,
0830210007, 050797, -00009,   25.0,  2.204,
0830210006, 050797, -00009,   45.0,  2.164,
0830210005, 050797, -00009,   75.0,  2.475,
0830210004, 050797, -00009,  100.0,  1.352,
0830210003, 050797, -00009,  125.0,  0.428,
0830210002, 050797, -00009,  150.0,  0.115,
0830210001, 050797, -00009,  175.0,  0.026,
0840210008, 060497, -00009,    5.0,  1.462,
0840210007, 060497, -00009,   25.0,  1.476,
0840210006, 060497, -00009,   45.0,  1.944,
0840210005, 060497, -00009,   75.0,  1.805,
0840210004, 060497, -00009,  100.0,  1.880,
0840210003, 060497, -00009,  125.0,  0.924,
0840210002, 060497, -00009,  150.0,  0.155,
0840210001, 060497, -00009,  175.0,  0.010,
0850210008, 070997, -00009,    5.0,  2.182,
0850210007, 070997, -00009,   25.0,  2.199,
0850210006, 070997, -00009,   45.0,  2.172,
0850210005, 070997, -00009,   75.0,  2.651,
0850210004, 070997, -00009,  100.0,  2.104,
0850210003, 070997, -00009,  125.0,  0.672,
0850210002, 070997, -00009,  150.0,  0.146,
0860210008, 080297, -00009,    5.0,  2.865,
0860210007, 080297, -00009,   25.0,  2.891,
0860210006, 080297, -00009,   45.0,  3.553,
0860210005, 080297, -00009,   75.0,  3.475,
0860210004, 080297, -00009,  100.0,  3.066,
0860210003, 080297, -00009,  125.0,  0.541,
0860210002, 080297, -00009,  150.0,  0.200,
0860210001, 080297, -00009,  175.0,  0.219,
0870210008, 092597, -00009,    5.0,  2.528,
0870210007, 092597, -00009,   25.0,  2.533,
0870210006, 092597, -00009,   45.0,  2.184,
0870210005, 092597, -00009,   75.0,  3.147,
0870210004, 092597, -00009,  100.0,  2.938,
0870210003, 092597, -00009,  125.0,  0.924,
0870210002, 092597, -00009,  150.0,  0.254,
0890210008, 011198, -00009,    5.0,  2.154,
0890210007, 011198, -00009,   25.0,  1.895,
0890210006, 011198, -00009,   45.0,  2.007,
0890210005, 011198, -00009,   75.0,  0.952,
0890210004, 011198, -00009,  100.0,  0.759,
0890210003, 011198, -00009,  125.0,  0.401,
0890210002, 011198, -00009,  150.0,  0.032,
0890210001, 011198, -00009,  175.0,  0.065,
0900210008, 021998, -00009,    5.0,  1.861,
0900210007, 021998, -00009,   25.0,  2.185,
0900210006, 021998, -00009,   45.0,  2.142,
0900210005, 021998, -00009,   75.0,  2.419,
0900210004, 021998, -00009,  100.0,  0.957,
0900210003, 021998, -00009,  125.0,  0.330,
0910210008, 031898, -00009,    5.0,  2.358,
0910210007, 031898, -00009,   25.0,  2.760,
0910210006, 031898, -00009,   45.0,  2.862,
0910210005, 031898, -00009,   75.0,  2.090,
0910210004, 031898, -00009,  100.0,  0.756,
0910210003, 031898, -00009,  125.0,  0.361,
0910210002, 031898, -00009,  150.0,  0.168,
0910210001, 031898, -00009,  175.0,  0.109,
0920210008, 041598, -00009,    5.0,  1.369,
0920210007, 041598, -00009,   25.0,  1.487,
0920210006, 041598, -00009,   45.0,  1.625,
0920210005, 041598, -00009,   75.0,  1.562,
0920210004, 041598, -00009,  100.0,  0.745,
0920210003, 041598, -00009,  125.0,  0.401,
0920210002, 041598, -00009,  150.0,  0.198,
0930210008, 051398, -00009,    5.0,  1.385,
0930210007, 051398, -00009,   25.0,  1.762,
0930210006, 051398, -00009,   45.0,  2.026,
0930210005, 051398, -00009,   75.0,  1.776,
0930210004, 051398, -00009,  100.0,  1.468,
0930210003, 051398, -00009,  125.0,  0.739,
0930210002, 051398, -00009,  150.0,  0.196,
0930210001, 051398, -00009,  175.0,  0.109,
0940210008, 061798, -00009,    5.0,  1.031,
0940210007, 061798, -00009,   25.0,  1.623,
0940210006, 061798, -00009,   45.0,  1.520,
0940210005, 061798, -00009,   75.0,  2.385,
0940210004, 061798, -00009,  100.0,  2.264,
0940210003, 061798, -00009,  125.0,  0.834,
0940210002, 061798, -00009,  150.0,  0.245,
0940210001, 061798, -00009,  175.0,  0.066,
0950210008, 071598, -00009,    5.0,  2.066,
0950210007, 071598, -00009,   25.0,  2.078,
0950210006, 071598, -00009,   45.0,  2.099,
0950210005, 071598, -00009,   75.0,  2.967,
0950210004, 071598, -00009,  100.0,  1.622,
0950210003, 071598, -00009,  125.0,  0.677,
0950210002, 071598, -00009,  150.0,  0.222,
0950210001, 071598, -00009,  175.0,  0.048,
0960210008, 081098, -00009,    5.0,  1.910,
0960210007, 081098, -00009,   25.0,  2.046,
0960210006, 081098, -00009,   45.0,  2.540,
0960210005, 081098, -00009,   75.0,  2.449,
0960210004, 081098, -00009,  100.0,  0.909,
0960210003, 081098, -00009,  125.0,  0.512,
0960210002, 081098, -00009,  150.0,  0.253,
0960210001, 081098, -00009,  175.0,  0.276,
0970210008, 092898, -00009,    5.0,  1.621,
0970210007, 092898, -00009,   25.0,  2.020,
0970210006, 092898, -00009,   45.0,  1.843,
0970210005, 092898, -00009,   75.0,  2.942,
0970210004, 092898, -00009,  100.0,  2.888,
0970210003, 092898, -00009,  125.0,  1.058,
0970210002, 092898, -00009,  150.0,  0.208,
0970210001, 092898, -00009,  175.0,  0.076,
0980200712, 101998, 105751,    5.7,  2.366,
0980200711, 101998, 105634,   25.1,  2.469,
0980200710, 101998, 105522,   45.5,  3.426,
0980200709, 101998, 105351,   75.4,  2.983,
0980200708, 101998, 105231,  100.3,  1.947,
0980200707, 101998, 105121,  125.4,  0.661,
0980200706, 101998, 105003,  150.0,  0.217,
0980200705, 101998, 104730,  175.3,  0.242,
0980210008, 101998, -00009,    5.0,  2.268,
0980210007, 101998, -00009,   25.0,  2.325,
0980210006, 101998, -00009,   45.0,  2.066,
0980210005, 101998, -00009,   75.0,  2.990,
0980210004, 101998, -00009,  100.0,  1.208,
0980210003, 101998, -00009,  125.0,  0.573,
0980210002, 101998, -00009,  150.0,  0.300,
0980210001, 101998, -00009,  175.0,  0.201,
0990200810, 111198, 125241,    5.0,  2.435,
0990200809, 111198, 125045,   24.6,  2.521,
0990200808, 111198, 124930,   43.9,  2.447,
0990200807, 111198, 124745,   75.2,  2.831,
0990200806, 111198, 124615,  100.2,  1.011,
0990200805, 111198, 124448,  125.1,  0.281,
0990200804, 111198, 124320,  149.7,  0.124,
0990200803, 111198, 124147,  175.4,  0.372,
0990210008, 111198, -00009,    5.0,  1.889,
0990210007, 111198, -00009,   25.0,  1.682,
0990210006, 111198, -00009,   45.0,  1.779,
0990210005, 111198, -00009,   75.0,  1.888,
0990210004, 111198, -00009,  100.0,  0.385,
0990210003, 111198, -00009,  125.0,  0.223,
0990210002, 111198, -00009,  150.0,  0.091,
1000210008, 120998, -00009,    5.0,  2.254,
1000210007, 120998, -00009,   25.0,  2.282,
1000210006, 120998, -00009,   45.0,  2.239,
1000210005, 120998, -00009,   75.0,  1.457,
1000210004, 120998, -00009,  100.0,  1.047,
1000210003, 120998, -00009,  125.0,  0.296,
1010200721, 011399, 130114,    4.4,  2.767,
1010200720, 011399, 125947,   25.7,  3.181,
1010200718, 011399, 125757,   46.2,  2.846,
1010200716, 011399, 125547,   75.9,  2.816,
1010200714, 011399, 125407,  100.6,  2.785,
1010200712, 011399, 125147,  125.4,  0.254,
1010200710, 011399, 124912,  150.2,  0.128,
1010200709, 011399, 124742,  175.6,  0.033,
1010210008, 011399, -00009,    5.0,  1.613,
1010210007, 011399, -00009,   25.0,  1.787,
1010210006, 011399, -00009,   45.0,  1.738,
1010210005, 011399, -00009,   75.0,  1.740,
1010210004, 011399, -00009,  100.0,  1.419,
1010210003, 011399, -00009,  125.0,  0.194,
1010210002, 011399, -00009,  150.0,  0.080,
1020210008, 021899, -00009,    5.0,  1.737,
1020210007, 021899, -00009,   25.0,  2.147,
1020210006, 021899, -00009,   45.0,  1.978,
1020210005, 021899, -00009,   75.0,  1.513,
1020210004, 021899, -00009,  100.0,  0.633,
1020210003, 021899, -00009,  125.0,  0.283,
1020210001, 021899, -00009,  175.0,  0.007,
1030210008, 031799, -00009,    5.0,  2.082,
1030210007, 031799, -00009,   25.0,  2.444,
1030210006, 031799, -00009,   45.0,  2.916,
1030210005, 031799, -00009,   75.0,  2.795,
1030210004, 031799, -00009,  100.0,  0.764,
1030210003, 031799, -00009,  125.0,  0.291,
1030210002, 031799, -00009,  150.0,  0.600,
1030210001, 031799, -00009,  175.0,  0.264,
1040210008, 041499, -00009,    5.0,  1.939,
1040210007, 041499, -00009,   25.0,  1.926,
1040210006, 041499, -00009,   45.0,  2.009,
1040210005, 041499, -00009,   75.0,  1.927,
1040210004, 041499, -00009,  100.0,  1.729,
1040210003, 041499, -00009,  125.0,  0.963,
1040210002, 041499, -00009,  150.0,  0.544,
1050210008, 051099, -00009,    5.0,  1.552,
1050210007, 051099, -00009,   25.0,  1.576,
1050210006, 051099, -00009,   45.0,  1.804,
1050210005, 051099, -00009,   75.0,  2.148,
1050210004, 051099, -00009,  100.0,  1.621,
1050210003, 051099, -00009,  125.0,  1.740,
1060210008, 071499, -00009,    5.0,  1.725,
1060210007, 071499, -00009,   25.0,  1.501,
1060210006, 071499, -00009,   45.0,  1.018,
1060210005, 071499, -00009,   75.0,  2.267,
1060210004, 071499, -00009,  100.0,  1.600,
1060210003, 071499, -00009,  125.0,  0.569,
1060210002, 071499, -00009,  150.0,  0.285,
1060210001, 071499, -00009,  175.0,  0.194,
1070210008, 081499, -00009,    5.0,  1.489,
1070210007, 081499, -00009,   25.0,  1.459,
1070210006, 081499, -00009,   45.0,  1.811,
1070210005, 081499, -00009,   75.0,  1.549,
1070210004, 081499, -00009,  100.0,  1.075,
1070210003, 081499, -00009,  125.0,  0.118,
1070210002, 081499, -00009,  150.0,  0.134,
1080210008, 101599, -00009,    5.0,  1.875,
1080210007, 101599, -00009,   25.0,  1.912,
1080210006, 101599, -00009,   45.0,  2.056,
1080210005, 101599, -00009,   75.0,  2.354,
1080210004, 101599, -00009,  100.0,  0.820,
1080210003, 101599, -00009,  125.0,  0.309,
1080210002, 101599, -00009,  150.0,  0.408,
1090210008, 110999, -00009,    5.0,  2.227,
1090210007, 110999, -00009,   25.0,  2.015,
1090210006, 110999, -00009,   45.0,  2.132,
1090210005, 110999, -00009,   75.0,  2.265,
1090210004, 110999, -00009,  100.0,  1.963,
1090210003, 110999, -00009,  125.0,  0.433,
1090210002, 110999, -00009,  150.0,  0.189,
1100210008, 121599, -00009,    5.0,  2.821,
1100210007, 121599, -00009,   25.0,  2.421,
1100210006, 121599, -00009,   45.0,  2.530,
1100210005, 121599, -00009,   75.0,  2.209,
1100210004, 121599, -00009,  100.0,  0.564,
1100210003, 121599, -00009,  125.0,  0.508,
1100210002, 121599, -00009,  150.0,  0.107,
1100210001, 121599, -00009,  175.0,  0.391,
1110210008, 020300, -00009,    5.0,  1.328,
1110210007, 020300, -00009,   25.0,  1.631,
1110210006, 020300, -00009,   45.0,  1.690,
1110210005, 020300, -00009,   75.0,  2.111,
1110210004, 020300, -00009,  100.0,  1.379,
1110210003, 020300, -00009,  125.0,  0.406,
1110210002, 020300, -00009,  150.0,  0.285,
1110210001, 020300, -00009,  175.0,  0.016,
1120210008, 030100, -00009,    5.0,  1.735,
1120210007, 030100, -00009,   25.0,  1.745,
1120210006, 030100, -00009,   45.0,  1.855,
1120210005, 030100, -00009,   75.0,  2.249,
1120210004, 030100, -00009,  100.0,  1.440,
1120210003, 030100, -00009,  125.0,  0.482,
1120210002, 030100, -00009,  150.0,  0.085,
1120210001, 030100, -00009,  175.0,  0.027,
1130210008, 032900, -00009,    5.0,  2.458,
1130210007, 032900, -00009,   25.0,  2.544,
1130210006, 032900, -00009,   45.0,  2.453,
1130210005, 032900, -00009,   75.0,  3.015,
1130210004, 032900, -00009,  100.0,  2.436,
1130210003, 032900, -00009,  125.0,  1.089,
1130210002, 032900, -00009,  150.0,  0.608,
1130210001, 032900, -00009,  175.0,  0.197,
1140210008, 042600, -00009,    5.0,  1.122,
1140210007, 042600, -00009,   25.0,  1.282,
1140210006, 042600, -00009,   45.0,  1.774,
1140210005, 042600, -00009,   75.0,  1.919,
1140210004, 042600, -00009,  100.0,  1.090,
1140210003, 042600, -00009,  125.0,  0.374,
1140210002, 042600, -00009,  150.0,  0.323,
1140210001, 042600, -00009,  175.0,  0.226,
1150201119, 052500, 105112,    5.2,  1.271,
1150201117, 052500, 104943,   24.7,  1.058,
1150201115, 052500, 104805,   45.0,  1.432,
1150201113, 052500, 104621,   74.5,  3.063,
1150201111, 052500, 104447,   99.1,  2.527,
1150201109, 052500, 104259,  125.1,  1.469,
1150201107, 052500, 104122,  150.3,  0.495,
1150201105, 052500, 103940,  175.3,  0.138,
1160200917, 062100, 134841,    5.0,  1.692,
1160200915, 062100, 134730,   24.6,  3.057,
1160200913, 062100, 134620,   45.4,  2.144,
1160200911, 062100, 134455,   75.6,  2.154,
1160200909, 062100, 134350,   99.7,  1.489,
1160210006, 062100, -00009,   45.0,  1.958,
1170200723, 072600, 135350,    4.6,  2.243,
1170200721, 072600, 135211,   24.8,  2.251,
1170200719, 072600, 135101,   44.3,  2.456,
1170200717, 072600, 134921,   74.2,  2.515,
1170200716, 072600, 134815,  100.0,  1.452,
1170210007, 072600, -00009,   25.0,  1.920,
1170210006, 072600, -00009,   45.0,  2.425,
1180200910, 082300, 124916,    4.9,  1.959,
1180200909, 082300, 124754,   25.0,  1.960,
1180200908, 082300, 124645,   44.9,  1.926,
1180200907, 082300, 124524,   74.1,  1.120,
1180200906, 082300, 124409,   98.8,  0.700,
1180200905, 082300, 124250,  125.1,  0.292,
1180200904, 082300, 124101,  149.5,  0.088,
1180200903, 082300, 123937,  177.1,  0.010,
1180210007, 082300, -00009,   25.0,  1.645,
1180210006, 082300, -00009,   45.0,  1.623,
1190200922, 101800, 155159,    4.6,  1.174,
1190200921, 101800, 155149,    4.6,  1.031,
1190200920, 101800, 155139,    4.7,  1.077,
1190200919, 101800, 155029,   24.9,  1.333,
1190200918, 101800, 155019,   24.9,  1.063,
1190200917, 101800, 155009,   24.9,  1.066,
1190200916, 101800, 154908,   45.0,  1.222,
1190200915, 101800, 154859,   45.0,  1.345,
1190200914, 101800, 154848,   45.0,  1.330,
1190200913, 101800, 154739,   74.3,  1.472,
1190200912, 101800, 154728,   74.2,  1.827,
1190200911, 101800, 154719,   74.1,  1.766,
1190200910, 101800, 154559,   98.9,  0.373,
1190200909, 101800, 154549,   98.9,  0.424,
1190200908, 101800, 154539,   98.9,  0.398,
1190200907, 101800, 154424,  125.4,  0.083,
1190200906, 101800, 154414,  125.4,  0.090,
1190200905, 101800, 154404,  125.3,  0.087,
1190200904, 101800, 154249,  147.9,  0.030,
1190200903, 101800, 154129,  176.2,  0.003,
1200200822, 113000, 125224,    4.8,  0.996,
1200200821, 113000, 125214,    4.7,  0.703,
1200200820, 113000, 125205,    4.7,  0.768,
1200200819, 113000, 125042,   25.2,  0.708,
1200200818, 113000, 125028,   25.1,  0.782,
1200200817, 113000, 125014,   25.1,  0.809,
1200200816, 113000, 124851,   45.0,  1.231,
1200200815, 113000, 124834,   45.0,  1.280,
1200200814, 113000, 124820,   44.9,  1.157,
1200200813, 113000, 124657,   74.3,  0.924,
1200200812, 113000, 124641,   74.2,  0.808,
1200200811, 113000, 124625,   74.4,  1.007,
1200200810, 113000, 124501,   98.8,  0.356,
1200200809, 113000, 124447,   99.2,  0.351,
1200200808, 113000, 124430,   99.1,  0.324,
1200200807, 113000, 124259,  123.7,  0.132,
1200200806, 113000, 124245,  123.8,  0.127,
1200200805, 113000, 124232,  123.9,  0.125,
1200200804, 113000, 124110,  149.0,  0.050,
1200200803, 113000, 123940,  171.8,  0.025,
1210200922, 122000, 130455,    5.2,  0.445,
1210200921, 122000, 130445,    5.2,  0.429,
1210200920, 122000, 130435,    5.0,  0.449,
1210200915, 122000, 130145,   43.2,  0.154,
1210200914, 122000, 130135,   43.1,  0.380,
1210200913, 122000, 130015,   73.4,  1.074,
1210200912, 122000, 130005,   73.6,  0.995,
1210200911, 122000, 125955,   73.7,  1.012,
1210200910, 122000, 125840,  101.4,  1.241,
1210200909, 122000, 125830,  101.0,  1.222,
1210200908, 122000, 125820,  100.4,  1.209,
1210200907, 122000, 125655,  121.0,  0.318,
1210200906, 122000, 125645,  121.1,  0.274,
1210200905, 122000, 125635,  122.2,  0.269,
1210200904, 122000, 125405,  150.4,  0.074,
1210200903, 122000, 125250,  174.5,  0.026,
1220200821, 011701, 125508,    3.8,  0.327,
1220200818, 011701, 125331,   23.5,  0.324,
1220200815, 011701, 125156,   44.0,  0.358,
1220200812, 011701, 125004,   73.3,  0.993,
1220200809, 011701, 124822,   99.7,  0.654,
1220200806, 011701, 124639,  123.6,  0.115,
1220200804, 011701, 124512,  148.0,  0.062,
1220200803, 011701, 124350,  174.8,  0.020,
1240200819, 032201, 005447,    3.9,  1.071,
1240200816, 032201, 005310,   23.8,  1.200,
1240200813, 032201, 005109,   44.0,  1.764,
1240200811, 032201, 004909,   75.7,  1.678,
1240200807, 032201, 004715,   98.9,  1.661,
1240200804, 032201, 004549,  123.7,  1.137,
1240200803, 032201, 004434,  148.4,  0.410,
1240200802, 032201, 004319,  173.7,  0.024,
1250200820, 041801, 124923,    3.9,  1.087,
1250200817, 041801, 124738,   23.6,  1.014,
1250200814, 041801, 124613,   43.3,  1.186,
1250200811, 041801, 124433,   73.8,  1.550,
1250200808, 041801, 124254,   98.7,  1.813,
1250200805, 041801, 124118,  123.4,  0.736,
1250200804, 041801, 124003,  148.7,  0.277,
1250200803, 041801, 123843,  173.0,  0.098,
1260200920, 051701, 125327,    4.8,  0.837,
1260200917, 051701, 125126,   24.7,  0.830,
1260200914, 051701, 124924,   44.8,  0.599,
1260200911, 051701, 124732,   74.5,  0.873,
1260200908, 051701, 124535,   98.8,  1.077,
1260200905, 051701, 124344,  124.1,  0.524,
1260200904, 051701, 124227,  150.3,  0.221,
1260200903, 051701, 123936,  176.9,  0.062,
1270200821, 061401, 125609,    4.0,  1.604,
1270200818, 061401, 125407,   23.5,  1.420,
1270200815, 061401, 125207,   44.1,  2.009,
1270200812, 061401, 125014,   73.4,  2.413,
1270200809, 061401, 124827,   99.3,  1.706,
1270200806, 061401, 124631,  122.6,  0.614,
1270200804, 061401, 124447,  148.7,  0.308,
1270200803, 061401, 124320,  173.7,  0.143,
1280200721, 071101, 124728,    4.3,  0.099,
1280200718, 071101, 124538,   23.7,  0.299,
1280200715, 071101, 124401,   44.9,  0.584,
1280200712, 071101, 124232,   73.8,  1.797,
1280200709, 071101, 124051,  100.3,  0.804,
1280200706, 071101, 123927,  124.0,  0.363,
1280200704, 071101, 123811,  148.7,  0.136,
1280200703, 071101, 123701,  175.1,  0.036,
1290200921, 080801, 125027,    4.7,  0.353,
1290200918, 080801, 124845,   24.9,  0.442,
1290200915, 080801, 124637,   44.7,  0.322,
1290200912, 080801, 124449,   76.0,  1.285,
1290200909, 080801, 124320,   99.1,  0.804,
1290200906, 080801, 124145,  124.9,  0.265,
1290200904, 080801, 124020,  149.0,  0.049,
1290200903, 080801, 123854,  176.4,  0.011,
1300200821, 100201, 125523,    4.8,  0.388,
1300200818, 100201, 125358,   25.8,  0.488,
1300200815, 100201, 125228,   45.2,  0.376,
1300200812, 100201, 125058,   74.1,  1.543,
1300200809, 100201, 124923,  100.9,  1.142,
1300200806, 100201, 124748,  124.6,  0.523,
1300200804, 100201, 124608,  149.8,  0.159,
1300200803, 100201, 124458,  175.3,  0.033,
1310200821, 102301, 125230,    4.8,  0.979,
1310200818, 102301, 125011,   24.6,  1.098,
1310200815, 102301, 124830,   45.2,  1.082,
1310200812, 102301, 124630,   75.3,  1.561,
1310200809, 102301, 124445,  100.3,  0.414,
1310200806, 102301, 124220,  124.7,  0.179,
1310200804, 102301, 124032,  150.4,  0.100,
1310200803, 102301, 123906,  174.5,  0.013,
1320200821, 111701, 124837,    4.2,  0.578,
1320200818, 111701, 124657,   24.4,  0.676,
1320200815, 111701, 124527,   44.2,  0.734,
1320200812, 111701, 124347,   74.5,  2.029,
1320200809, 111701, 124207,   99.4,  0.380,
1320200806, 111701, 124037,  124.5,  0.155,
1320200804, 111701, 123917,  148.5,  0.015,
1320200803, 111701, 123747,  174.0,  0.000,
1330200320, 121501, 122246,    4.2,  1.569,
1330200318, 121501, 122056,   24.1,  1.673,
1330200315, 121501, 121801,   43.6,  1.606,
1330200314, 121501, 121629,   57.8,  1.586,
1330200313, 121501, 121456,   75.5,  1.567,
1330200312, 121501, 121326,   84.1,  1.268,
1330200311, 121501, 121156,   98.1,  0.747,
1330200310, 121501, 121025,  114.6,  0.404,
1330200308, 121501, 120906,  123.8,  0.211,
1330200307, 121501, 120751,  134.4,  0.095,
1330200305, 121501, 120606,  150.6,  0.034,
1330200303, 121501, 120411,  174.3,  0.008,
1340200821, 011602, 125125,    4.4,  1.096,
1340200817, 011602, 124925,   23.6,  1.468,
1340200814, 011602, 124725,   44.5,  1.213,
1340200811, 011602, 124526,   74.1,  0.986,
1340200808, 011602, 124351,   98.8,  1.215,
1340200805, 011602, 124206,  124.4,  0.272,
1340200804, 011602, 124049,  150.3,  0.031,
1340200803, 011602, 123926,  176.3,  0.011,
1350200820, 022102, 125750,    4.0,  0.979,
1350200817, 022102, 125550,   24.3,  1.004,
1350200814, 022102, 125350,   44.7,  0.973,
1350200811, 022102, 125150,   74.0,  1.300,
1350200808, 022102, 124950,  100.7,  0.475,
1350200805, 022102, 124750,  125.6,  0.107,
1350200804, 022102, 124623,  148.6,  0.029,
1350200803, 022102, 124458,  177.9,  0.033,
1360200921, 031302, 125118,    4.1,  0.729,
1360200917, 031302, 124927,   24.2,  0.855,
1360200914, 031302, 124747,   44.0,  0.906,
1360200911, 031302, 124558,   74.5,  1.541,
1360200908, 031302, 124411,   98.1,  2.401,
1360200905, 031302, 124228,  123.7,  0.900,
1360200904, 031302, 124055,  150.5,  0.375,
1360200903, 031302, 123908,  174.4,  0.232,
1370200821, 052102, 125616,    4.1,  0.783,
1370200818, 052102, 125415,   24.0,  0.957,
1370200815, 052102, 125215,   43.5,  1.043,
1370200811, 052102, 125000,   73.6,  1.288,
1370200808, 052102, 124759,   99.0,  1.371,
1370200805, 052102, 124619,  124.1,  0.669,
1370200804, 052102, 124459,  149.2,  0.326,
1370200803, 052102, 124339,  175.8,  0.074,
1380200518, 063002, 015712,    4.0,  0.113,
1380200515, 063002, 015502,   24.2,  0.237,
1380200513, 063002, 015302,   44.3,  0.351,
1380200511, 063002, 015042,   74.6,  1.383,
1380200509, 063002, 014827,  100.3,  0.854,
1380200507, 063002, 014617,  124.2,  0.390,
1380200506, 063002, 014501,  148.7,  0.119,
1380200504, 063002, 014244,  174.7,  0.029,
1390200822, 082802, 133519,    4.3,  0.785,
1390200819, 082802, 133319,   25.1,  0.751,
1390200816, 082802, 133119,   45.0,  1.308,
1390200813, 082802, 132905,   75.7,  2.104,
1390200810, 082802, 132650,  100.7,  1.315,
1390200806, 082802, 132429,  123.9,  0.897,
1390200804, 082802, 132230,  150.8,  0.339,
1390200803, 082802, 132049,  175.7,  0.089,
1410200820, 110402, 130317,    4.7,  0.936,
1410200817, 110402, 130142,   25.0,  0.881,
1410200816, 110402, 130036,   45.1,  0.914,
1410200814, 110402, 130017,   45.2,  0.827,
1410200811, 110402, 125807,   75.4,  1.898,
1410200808, 110402, 125636,   99.5,  1.250,
1410200805, 110402, 125441,  126.2,  0.346,
1410200804, 110402, 125312,  149.5,  0.108,
1410200803, 110402, 125136,  175.3,  0.009,
1420200820, 112502, 151249,    4.9,  0.731,
1420200817, 112502, 151050,   25.3,  0.847,
1420200814, 112502, 150919,   44.5,  1.058,
1420200811, 112502, 150728,   74.9,  1.511,
1420200808, 112502, 150529,  100.7,  0.652,
1420200805, 112502, 150309,  126.4,  0.196,
1420200804, 112502, 150133,  150.9,  0.069,
1420200803, 112502, 145959,  175.2,  0.009,
1430200822, 121902, 125459,    3.5,  1.034,
1430200817, 121902, 125310,   25.0,  1.037,
1430200814, 121902, 125037,   45.5,  1.279,
1430200811, 121902, 124818,   75.7,  1.122,
1430200808, 121902, 124618,   99.1,  0.662,
1430200805, 121902, 124408,  125.3,  0.232,
1430200804, 121902, 124233,  151.5,  0.046,
1430200803, 121902, 124048,  173.2,  0.018,
1440200720, 011703, 125807,    4.1,  1.427,
1440200717, 011703, 125627,   24.4,  1.582,
1440200714, 011703, 125507,   45.0,  1.477,
1440200711, 011703, 125328,   74.4,  1.497,
1440200708, 011703, 125157,   99.7,  1.433,
1440200705, 011703, 125027,  124.8,  0.389,
1440200704, 011703, 124917,  150.3,  0.123,
1440200703, 011703, 124757,  175.2,  0.009,
1450200820, 022603, 125258,    4.2,  1.147,
1450200817, 022603, 125117,   24.0,  1.534,
1450200814, 022603, 124947,   45.5,  1.319,
1450200811, 022603, 124756,   74.2,  1.758,
1450200808, 022603, 124612,   99.2,  2.025,
1450200805, 022603, 124427,  126.6,  0.802,
1450200804, 022603, 124247,  152.8,  0.358,
1450200803, 022603, 124117,  172.6,  0.100,
1460200820, 032903, 130438,    9.6,  0.955,
1460200818, 032903, 130317,   24.6,  0.838,
1460200814, 032903, 130107,   45.2,  1.661,
1460200811, 032903, 125848,   74.1,  2.192,
1460200808, 032903, 125652,  101.5,  1.791,
1460200805, 032903, 125437,  125.5,  0.580,
1460200804, 032903, 125302,  151.7,  0.172,
1460200803, 032903, 125102,  174.9,  0.009,
1470200819, 042403, 125608,    4.3,  0.881,
1470200816, 042403, 125408,   23.8,  1.128,
1470200813, 042403, 125218,   44.5,  0.894,
1470200810, 042403, 125043,   74.5,  1.714,
1470200807, 042403, 124908,   99.2,  2.208,
1470200805, 042403, 124723,  124.6,  0.838,
1470200804, 042403, 124613,  148.8,  0.409,
1470200803, 042403, 124443,  177.2,  0.124,
1480200821, 052103, 125346,    5.0,  0.417,
1480200817, 052103, 125156,   24.4,  0.429,
1480200814, 052103, 124947,   44.6,  0.620,
1480200811, 052103, 124806,   74.4,  1.509,
1480200808, 052103, 124556,  100.3,  1.326,
1480200805, 052103, 124406,  123.9,  0.580,
1480200804, 052103, 124241,  149.9,  0.119,
1480200803, 052103, 124117,  175.0,  0.013,
1490200820, 062003, 125110,    4.7,  0.480,
1490200819, 062003, 124919,   23.4,  0.792,
1490200814, 062003, 124649,   44.6,  0.651,
1490200811, 062003, 124405,   74.4,  1.487,
1490200808, 062003, 124149,   99.2,  1.483,
1490200805, 062003, 123919,  124.3,  0.505,
1490200804, 062003, 123734,  148.6,  0.170,
1490200803, 062003, 123519,  176.1,  0.024,
1500200822, 072003, 132548,    4.9,  0.229,
1500200817, 072003, 132308,   24.2,  0.203,
1500200814, 072003, 132034,   45.5,  0.165,
1500200811, 072003, 131848,   75.1,  0.665,
1500200808, 072003, 131709,   99.9,  1.832,
1500200805, 072003, 131528,  125.2,  0.828,
1500200804, 072003, 131418,  149.8,  0.286,
1500200803, 072003, 131248,  175.4,  0.052,
1510200821, 082103, 125227,    5.5,  0.309,
1510200819, 082103, 125023,   25.7,  0.340,
1510200815, 082103, 124831,   44.1,  0.402,
1510200812, 082103, 124641,   74.0,  1.107,
1510200809, 082103, 124452,  101.0,  1.488,
1510200806, 082103, 124254,  129.6,  0.424,
1510200804, 082103, 124117,  147.8,  0.194,
1510200803, 082103, 124016,  173.9,  0.057,
1520200820, 101503, 131041,    4.5,  0.520,
1520200817, 101503, 130827,   26.9,  0.543,
1520200814, 101503, 130606,   45.0,  0.521,
1520200811, 101503, 130346,   74.6,  1.418,
1520200808, 101503, 125924,  100.5,  1.756,
1520200805, 101503, 125657,  123.7,  0.583,
1520200804, 101503, 125507,  149.1,  0.133,
1520200803, 101503, 125308,  177.3,  0.040,
1530200821, 111003, 131835,   10.5,  1.711,
1530200818, 111003, 131135,   25.5,  1.753,
1530200815, 111003, 130948,   45.5,  1.729,
1530200812, 111003, 130749,   75.4,  1.784,
1530200809, 111003, 130534,  103.6,  1.724,
1530200806, 111003, 130334,  129.3,  0.377,
1530200804, 111003, 130204,  144.9,  0.182,
1530200803, 111003, 130019,  176.3,  0.037,
1540200721, 122003, 131510,   10.0,  0.804,
1540200719, 122003, 131210,   25.1,  0.912,
1540200716, 122003, 131051,   45.4,  1.384,
1540200712, 122003, 130912,   74.5,  1.464,
1540200709, 122003, 130731,  100.6,  1.244,
1540200706, 122003, 130556,  125.7,  0.575,
1540200704, 122003, 130440,  149.0,  0.088,
1540200703, 122003, 130315,  179.8,  0.005,
1560200818, 022504, 125308,   25.1,  1.385,
1560200815, 022504, 125143,   43.7,  2.028,
1560200812, 022504, 124958,   74.4,  1.673,
1560200809, 022504, 124814,   97.9,  0.654,
1560200806, 022504, 124624,  123.6,  0.079,
1560200804, 022504, 124454,  149.9,  0.006,
1560200803, 022504, 124349,  177.0,  0.006,
1570200821, 032004, 125850,    6.7,  1.231,
1570200818, 032004, 125710,   24.4,  1.376,
1570200815, 032004, 125510,   44.8,  1.660,
1570200812, 032004, 125330,   73.9,  1.622,
1570200809, 032004, 125150,  100.0,  1.033,
1570200806, 032004, 125010,  123.8,  0.483,
1570200804, 032004, 124839,  148.7,  0.190,
1570200803, 032004, 124710,  174.5,  0.095,
1580200821, 042104, 125129,    3.9,  1.473,
1580200818, 042104, 124939,   23.1,  1.658,
1580200815, 042104, 124719,   44.0,  1.735,
1580200812, 042104, 124519,   73.4,  2.518,
1580200809, 042104, 124330,   98.5,  1.682,
1580200806, 042104, 124124,  123.6,  0.571,
1580200804, 042104, 123944,  148.3,  0.182,
1580200803, 042104, 123759,  174.1,  0.054,
1590200820, 051904, 125103,    4.7,  0.194,
1590200817, 051904, 124939,   24.2,  0.192,
1590200814, 051904, 124748,   44.5,  0.223,
1590200811, 051904, 124609,   74.3,  0.656,
1590200808, 051904, 124429,   99.1,  1.758,
1590200805, 051904, 124239,  124.6,  0.709,
1590200804, 051904, 124134,  149.5,  0.307,
1590200803, 051904, 124014,  174.8,  0.061,
1600200921, 061604, 125229,    4.0,  1.107,
1600200918, 061604, 125035,   24.3,  1.093,
1600200915, 061604, 124849,   44.3,  1.593,
1600200912, 061604, 124659,   74.3,  2.065,
1600200909, 061604, 124449,   99.5,  1.111,
1600200906, 061604, 124300,  124.4,  0.401,
1600200904, 061604, 124139,  149.2,  0.171,
1600200903, 061604, 124020,  174.8,  0.068,
1620201221, 081704, 124702,    5.2,  1.348,
1620201218, 081704, 124542,   24.6,  1.602,
1620201215, 081704, 124412,   45.6,  1.711,
1620201212, 081704, 124232,   74.6,  1.740,
1620201209, 081704, 124047,   99.1,  0.978,
1620201206, 081704, 123857,  124.4,  0.314,
1620201204, 081704, 123732,  149.3,  0.149,
1620201203, 081704, 123618,  175.0,  0.036,
1630200921, 092904, 125207,    4.8,  1.788,
1630200918, 092904, 125013,   24.8,  1.693,
1630200915, 092904, 124823,   44.3,  2.001,
1630200912, 092904, 124548,   73.9,  2.481,
1630200909, 092904, 124358,   99.6,  2.043,
1630200906, 092904, 124223,  125.6,  0.599,
1630200904, 092904, 124108,  149.3,  0.230,
1630200903, 092904, 124002,  175.5,  0.043,
1640200821, 103104, 130038,    5.0,  1.661,
1640200818, 103104, 125828,   25.4,  1.609,
1640200815, 103104, 125618,   46.5,  1.520,
1640200812, 103104, 125348,   74.7,  1.848,
1640200809, 103104, 125119,   99.5,  1.416,
1640200806, 103104, 124825,  125.6,  0.284,
1640200804, 103104, 124625,  150.0,  0.151,
1640200803, 103104, 124440,  176.4,  0.038,
1650200923, 112804, 125719,    4.8,  1.049,
1650200919, 112804, 125519,   25.0,  1.028,
1650200917, 112804, 125353,   44.9,  1.082,
1650200913, 112804, 125144,   76.1,  1.963,
1650200909, 112804, 124951,   99.3,  0.774,
1650200906, 112804, 124750,  124.6,  0.314,
1650200904, 112804, 124606,  150.0,  0.129,
1650200903, 112804, 124434,  175.7,  0.013,
1660201021, 122104, 125522,    5.1,  1.792,
1660201018, 122104, 125343,   24.3,  1.738,
1660201015, 122104, 125130,   44.9,  1.764,
1660201012, 122104, 124942,   76.1,  1.779,
1660201009, 122104, 124800,  100.6,  0.587,
1660201006, 122104, 124549,  124.8,  0.105,
1660201004, 122104, 124415,  150.1,  0.007,
1660201003, 122104, 124242,  176.9,  0.002,
1670200920, 020205, 130418,    5.0,  1.667,
1670200917, 020205, 130228,   25.1,  1.693,
1670200914, 020205, 130049,   44.9,  1.467,
1670200911, 020205, 125848,   74.5,  0.492,
1670200908, 020205, 125708,  100.3,  0.266,
1670200905, 020205, 125528,  125.0,  0.132,
1670200904, 020205, 125348,  151.0,  0.010,
1670200903, 020205, 125218,  174.7,  0.002,
1680200920, 030505, 125609,    5.5,  1.141,
1680200917, 030505, 125417,   25.1,  1.152,
1680200914, 030505, 125209,   44.4,  1.258,
1680200911, 030505, 125014,   75.0,  2.023,
1680200908, 030505, 124831,   99.6,  0.481,
1680200905, 030505, 124619,  125.3,  0.226,
1680200904, 030505, 124450,  150.0,  0.035,
1680200903, 030505, 124314,  173.9,  0.006,
1690201420, 051905, 130027,   13.4,  0.199,
1690201417, 051905, 125813,   25.9,  0.360,
1690201414, 051905, 125552,   43.2,  0.340,
1690201411, 051905, 125328,   75.9,  0.532,
1690201408, 051905, 125054,   99.8,  0.711,
1690201405, 051905, 124751,  124.4,  0.538,
1690201404, 051905, 124547,  149.7,  0.216,
1690201403, 051905, 124326,  175.0,  0.182,
1700200920, 061505, 135709,   13.5,  0.556,
1700200917, 061505, 135459,   24.9,  0.453,
1700200914, 061505, 135305,   43.7,  0.432,
1700200911, 061505, 135109,   75.2,  0.412,
1700200908, 061505, 134930,   99.5,  0.721,
1700200905, 061505, 134730,  125.1,  0.303,
1700200904, 061505, 134435,  149.8,  0.025,
1700200903, 061505, 134250,  175.5,  0.028,
1710201020, 071705, 132434,    4.9,  0.526,
1710201017, 071705, 132234,   25.4,  0.570,
1710201014, 071705, 132030,   45.3,  0.435,
1710201011, 071705, 131734,   75.0,  0.551,
1710201008, 071705, 131510,  100.6,  0.833,
1710201005, 071705, 131251,  125.0,  0.592,
1710201004, 071705, 131103,  150.1,  0.266,
1710201003, 071705, 130854,  174.8,  0.059,
1720200920, 081405, 125321,    4.8,  0.586,
1720200917, 081405, 125131,   24.9,  0.539,
1720200914, 081405, 124952,   45.5,  0.642,
1720200911, 081405, 124801,   75.3,  0.672,
1720200908, 081405, 124616,  100.1,  1.290,
1720200905, 081405, 124427,  125.1,  0.740,
1720200904, 081405, 124257,  150.1,  0.245,
1720200903, 081405, 124132,  175.8,  0.150,
1730200921, 091005, 132340,    5.7,  0.563,
1730200918, 091005, 132214,   23.9,  0.555,
1730200914, 091005, 131934,   44.8,  0.815,
1730200911, 091005, 131800,   76.1,  1.486,
1730200908, 091005, 131619,   98.1,  0.463,
1730200905, 091005, 131504,  123.5,  0.223,
1730200904, 091005, 131403,  149.4,  0.123,
1730200903, 091005, 131259,  174.3,  0.071,
1740201420, 100905, 130533,    8.0,  0.221,
1740201417, 100905, 130233,   25.2,  0.238,
1740201414, 100905, 130053,   45.8,  0.211,
1740201411, 100905, 125903,   75.3,  0.278,
1740201408, 100905, 125738,  100.2,  0.922,
1740201405, 100905, 125603,  125.4,  0.284,
1740201404, 100905, 125443,  151.3,  0.066,
1740201403, 100905, 125302,  174.1,  0.010,