Hawaii Ocean Time-series : 17-Dec-2023 04:57:33
https://hahana.soest.hawaii.edu/hot/hot-dogs/cextraction.html

crn, julian, press, fluor, 
#, day, dbar, ug/l, 
  1,   30,  200.0, -0.0013,
  2,   62,  200.0,  0.0252,
  3,   99,  200.0,  0.0146,
  4,  148,  200.0,  0.0195,
  5,  177,  200.0, -9.0000,
  6,  229,  200.0, -0.0071,
  7,  266,  200.0, -9.0000,
  8,  301,  200.0, -9.0000,
  9,  327,  200.0, -9.0000,
 10,  356,  200.0,  0.0524,
 11,  382,  200.0,  0.0337,
 12,  422,  200.0,  0.0192,
 13,  461,  200.0, -0.0499,
 14,  502,  200.0,  0.0014,
 15,  534,  200.0,  0.0996,
 16,  559,  200.0,  0.1684,
 17,  585,  200.0,  0.0754,
 18,  620,  200.0,  0.0324,
 19,  662,  200.0,  0.0454,
 20,  714,  200.0, -9.0000,
 22,  808,  200.0,  0.0465,
 23,  855,  200.0,  0.0479,
 24,  887,  200.0,  0.0187,
 25,  921,  200.0, -9.0000,
 26,  949,  200.0, -9.0000,
 27,  977,  200.0,  0.1035,
 28, 1012,  200.0,  0.0909,
 29, 1043,  200.0,  0.0952,
 30, 1082,  200.0,  0.0616,
 31, 1115,  200.0,  0.1727,
 32, 1162,  200.0,  0.1137,
 33, 1191,  200.0,  0.0900,
 34, 1232,  200.0,  0.0150,
 35, 1252,  200.0,  0.1599,
 36, 1294,  200.0,  0.0526,
 37, 1347,  200.0, -9.0000,
 38, 1373,  200.0,  0.1259,
 39, 1404,  200.0,  0.0728,
 40, 1453,  200.0,  0.0825,
 41, 1480,  200.0,  0.0853,
 42, 1515,  200.0, -9.0000,
 43, 1537,  200.0, -9.0000,
 44, 1572,  200.0,  0.0618,
 45, 1600,  200.0,  0.0710,
 46, 1657,  200.0,  0.0844,
 47, 1693,  200.0,  0.0990,
 49, 1810,  200.0,  0.0907,
 50, 1855,  200.0,  0.0787,
 51, 1937,  200.0,  0.0642,
 52, 1965,  200.0,  0.0902,
 53, 1985,  200.0,  0.1146,
 54, 2087,  200.0,  0.1179,
 55, 2123,  200.0,  0.0635,
 56, 2159,  200.0,  0.1094,
 57, 2183,  200.0,  0.0585,
 58, 2205,  200.0,  0.0497,
 59, 2240,  200.0,  0.0788,
 60, 2319,  200.0,  0.0672,
 61, 2345,  200.0,  0.0770,
 62, 2378,  200.0,  0.1249,
 63, 2409,  200.0,  0.0725,
 64, 2493,  200.0,  0.0591,
 65, 2523,  200.0,  0.0313,
 66, 2551,  200.0,  0.0531,
 67, 2582,  200.0,  0.0754,
 68, 2603,  200.0,  0.0510,
 69, 2664,  200.0,  0.0224,
 70, 2734,  200.0,  0.0586,
 71, 2762,  200.0,  0.0608,
 72, 2790,  200.0,  0.0985,
 73, 2825,  200.0,  0.0234,
 74, 2856,  200.0,  0.0638,
 75, 2881,  200.0,  0.0390,
 76, 2923,  200.0,  0.0809,
 77, 2951,  200.0,  0.0703,
 78, 2993,  200.0,  0.0532,
 79, 3021,  200.0,  0.0723,
 80, 3062,  200.0,  0.1373,
 81, 3084,  200.0,  0.0969,
 82, 3112,  200.0, -9.0000,
 83, 3140,  200.0,  0.0778,
 84, 3168,  200.0,  0.0409,
 85, 3203,  200.0,  0.1094,
 86, 3227,  200.0,  0.0738,
 87, 3281,  200.0,  0.1324,
 88, 3352,  200.0,  0.0836,
 89, 3389,  200.0,  0.0636,
 90, 3428,  200.0,  0.0581,
 91, 3455,  200.0,  0.1337,
 92, 3483,  200.0,  0.1402,
 93, 3511,  200.0,  0.2232,
 94, 3546,  200.0,  0.1019,
 95, 3574,  200.0,  0.1061,
 96, 3600,  200.0,  0.0441,
 97, 3649,  200.0,  0.0559,
 98, 3670,  200.0,  0.2013,
 99, 3693,  200.0,  0.0881,
100, 3721,  200.0,  0.0579,
101, 3756,  200.0,  0.1403,
102, 3792,  200.0,  0.1363,
103, 3819,  200.0,  0.2161,
104, 3847,  200.0,  0.3030,
105, 3873,  200.0,  0.1027,
106, 3938,  200.0,  0.2899,
107, 3968,  200.0,  0.1377,
108, 4031,  200.0,  0.1370,
109, 4056,  200.0,  0.0712,
110, 4092,  200.0,  0.0596,
111, 4142,  200.0,  0.0625,
112, 4169,  200.0, -9.0000,
113, 4197,  200.0, -9.0000,
114, 4225,  200.0, -9.0000,
115, 4254,  200.0,  0.1552,
116, 4281,  200.0,  0.1020,
117, 4316,  200.0,  0.1242,
118, 4344,  200.0,  0.0628,
119, 4400,  200.0,  0.1000,
120, 4443,  200.0,  0.1199,
121, 4463,  200.0,  0.1001,
122, 4491,  200.0,  0.0811,
123, 4519,  200.0,  0.0692,
124, 4554,  200.0,  0.0767,
125, 4582,  200.0,  0.1314,
126, 4610,  200.0,  0.1094,
127, 4639,  200.0,  0.1249,
128, 4666,  200.0,  0.1203,
129, 4694,  200.0,  0.0742,
130, 4749,  200.0,  0.0695,
131, 4770,  200.0,  0.0671,
132, 4795,  200.0,  0.0753,
133, 4822,  200.0,  0.0613,
134, 4855,  200.0,  0.0317,
135, 4891,  200.0,  0.0571,
136, 4911,  200.0,  0.1254,
137, 4980,  200.0,  0.0949,
138, 5019,  200.0,  0.0688,
139, 5079,  200.0,  0.1301,
140, 5119,  200.0,  0.0955,
141, 5147,  200.0,  0.0597,
142, 5168,  200.0,  0.0537,
143, 5192,  200.0,  0.0116,
144, 5221,  200.0,  0.0765,
145, 5261,  200.0,  0.0818,
146, 5292,  200.0,  0.0676,
147, 5318,  200.0,  0.1012,
148, 5345,  200.0,  0.0570,
149, 5375,  200.0,  0.0786,
150, 5405,  200.0,  0.0628,
151, 5437,  200.0,  0.0788,
152, 5492,  200.0,  0.0385,
153, 5518,  200.0,  0.0466,
154, 5558,  200.0,  0.0247,
155, 5591,  200.0,  0.0710,
156, 5625,  200.0,  0.0559,
157, 5649,  200.0,  0.0566,
158, 5681,  200.0,  0.0729,
159, 5709,  200.0,  0.0849,
160, 5737,  200.0,  0.1403,
161, 5764,  200.0,  0.0941,
162, 5798,  200.0,  0.0613,
163, 5842,  200.0,  0.0388,
164, 5874,  200.0,  0.0939,
165, 5902,  200.0,  0.0355,
166, 5925,  200.0,  0.0307,
167, 5968,  200.0,  0.0454,
168, 5999,  200.0,  0.0606,
169, 6073,  200.0,  0.1050,
170, 6101,  200.0,  0.1082,
171, 6133,  200.0,  0.0969,
172, 6161,  200.0,  0.1007,
173, 6188,  200.0,  0.0604,
174, 6217,  200.0,  0.0359,
175, 6251,  200.0,  0.0836,
176, 6282,  200.0,  0.0204,
177, 6325,  200.0,  0.0661,
178, 6346,  200.0,  0.0433,
179, 6369,  200.0,  0.0974,
180, 6392,  200.0,  0.1730,
181, 6447,  200.0,  0.0894,
182, 6465,  200.0,  0.0727,
183, 6494,  200.0,  0.0806,
184, 6521,  200.0,  0.0795,
185, 6559,  200.0,  0.0142,
186, 6594,  200.0, -0.0168,
187, 6613,  200.0,  0.0076,
188, 6644,  200.0,  0.0558,
189, 6703,  200.0,  0.0308,
190, 6745,  200.0,  0.1025,
191, 6790,  200.0,  0.1264,
192, 6826,  200.0,  0.2973,
193, 6854,  200.0,  0.0838,
194, 6881,  200.0,  0.1474,
195, 6911,  200.0,  0.0860,
196, 6941,  200.0,  0.1267,
197, 7001,  200.0,  0.0664,
198, 7020,  200.0,  0.0685,
199, 7060,  200.0, -0.0199,
200, 7085,  200.0,  0.0372,
201, 7179,  200.0,  0.0308,
202, 7208,  200.0,  0.0806,
203, 7239,  200.0,  0.1243,
204, 7260,  200.0,  0.0962,
205, 7315,  200.0,  0.0153,
206, 7366,  200.0,  0.0524,
208, 7417,  200.0,  0.0335,
209, 7445,  200.0,  0.0742,
210, 7515,  200.0,  0.0767,
211, 7544,  200.0,  0.1349,
212, 7581,  200.0,  0.1151,
213, 7602,  200.0,  0.0672,
214, 7627,  200.0,  0.0534,
215, 7664,  200.0,  0.0709,
216, 7704,  200.0,  0.0441,
217, 7740,  200.0,  0.0259,
219, 7830,  200.0,  0.0761,
220, 7858,  200.0,  0.0972,
221, 7900,  200.0,  0.0762,
222, 7921,  200.0,  0.1607,
223, 7951,  200.0,  0.0745,
224, 7981,  200.0,  0.1372,
225, 8008,  200.0,  0.0524,
226, 8038,  200.0,  0.0455,
227, 8086,  200.0,  0.0631,
228, 8135,  200.0,  0.0288,
229, 8155,  200.0,  0.0198,
230, 8186,  200.0,  0.0295,
231, 8228,  200.0,  0.0552,
232, 8256,  200.0,  0.1196,
233, 8327,  200.0,  0.1085,
234, 8368,  200.0,  0.1016,
235, 8396,  200.0,  0.0605,
236, 8435,  200.0,  0.0245,
237, 8459,  200.0,  0.0143,
238, 8480,  200.0,  0.0638,
239, 8510,  200.0,  0.0109,
240, 8576,  200.0,  0.0921,
241, 8614,  200.0,  0.0895,
242, 8643,  200.0,  0.1166,
243, 8670,  200.0,  0.0940,
244, 8705,  200.0,  0.0829,
245, 8722,  200.0,  0.0146,
246, 8750,  200.0,  0.0781,
247, 8773,  200.0,  0.0389,
248, 8830,  200.0,  0.0532,
249, 8901,  200.0,  0.0536,
250, 8923,  200.0,  0.1290,
251, 8953,  200.0,  0.1317,
252, 8995,  200.0,  0.1565,
253, 9034,  200.0,  0.1169,
254, 9112,  200.0,  0.0282,
255, 9132,  200.0,  0.0667,
256, 9158,  200.0,  0.0096,
257, 9188,  200.0,  0.0334,
258, 9212,  200.0,  0.0560,
259, 9238,  200.0,  0.0567,
260, 9268,  200.0,  0.0273,
261, 9287,  200.0,  0.0202,
262, 9323,  200.0,  0.2458,
263, 9374,  200.0,  0.0484,
264, 9404,  200.0,  0.0868,
265, 9480,  200.0,  0.0437,
266, 9509,  200.0,  0.0403,
267, 9548,  200.0,  0.0838,
268, 9573,  200.0,  0.0258,
269, 9643,  200.0,  0.1123,
270, 9675,  200.0,  0.1487,
271, 9699,  200.0,  0.1079,
272, 9731,  200.0,  0.1112,
273, 9758,  200.0,  0.0919,
274, 9788,  200.0,  0.0672,
275, 9812,  200.0,  0.0865,
277, 9874,  200.0,  0.0610,
278, 9905,  200.0,  0.0798,
279, 9930,  200.0,  0.0580,
280, 9965,  200.0,  0.1085,
281, 9993,  200.0,  0.1445,
282, 10021,  200.0,  0.0936,
283, 10058,  200.0,  0.0911,
284, 10102,  200.0,  0.1023,
285, 10146,  200.0,  0.0918,
286, 10175,  200.0,  0.0650,
287, 10242,  200.0,  0.0815,
288, 10284,  200.0,  0.0295,
289, 10342,  200.0,  0.0726,
290, 10372,  200.0,  0.1003,
291, 10406,  200.0,  0.0455,
292, 10434,  200.0,  0.1128,
293, 10462,  200.0,  0.0840,
294, 10490,  200.0,  0.0871,
295, 10539,  200.0,  0.0786,
296, 10598,  200.0,  0.0606,
297, 10631,  200.0,  0.0119,
298, 10665,  200.0,  0.0496,
299, 10701,  200.0,  0.0957,
300, 10740,  200.0,  0.0961,
301, 10791,  200.0,  0.1142,
302, 10819,  200.0,  0.1630,
303, 10861,  200.0,  0.1022,
304, 10889,  200.0,  0.0651,
305, 10937,  200.0,  0.1206,
306, 10969,  200.0,  0.0459,
307, 11004,  200.0,  0.0478,
308, 11028,  200.0,  0.0465,
309, 11064,  200.0,  0.0961,
310, 11099,  200.0,  0.0858,
311, 11171,  200.0,  0.1269,
312, 11211,  200.0,  0.1011,
313, 11231,  200.0,  0.1343,
314, 11263,  200.0,  0.0665,
315, 11296,  200.0,  0.0977,
316, 11339,  200.0,  0.0683,
317, 11401,  200.0,  0.1027,
318, 11421,  200.0,  0.0560,
319, 11444,  200.0,  0.0439,
320, 11611,  200.0,  0.1173,
321, 11634,  200.0,  0.0885,
322, 11658,  200.0,  0.0971,
323, 11684,  200.0,  0.0831,
324, 11737,  200.0,  0.0655,
325, 11767,  200.0,  0.0623,
326, 11792,  200.0,  0.0542,
327, 11827,  200.0,  0.0626,
328, 11862,  200.0,  0.1098,
329, 11883,  200.0,  0.0676,
330, 11916,  200.0,  0.1538,
331, 11953,  200.0,  0.1123,
332, 11977,  200.0,  0.0911,
333, 12081,  200.0,  0.0967,
334, 12118,  200.0,  0.1323,
335, 12231,  200.0,  0.1092,
336, 12291,  200.0,  0.0799,
337, 12335,  200.0,  0.2099,
338, 12356,  200.0,  0.0957,
339, 12388,  200.0,  0.1153,