Hawaii Ocean Time-series : 17-Dec-2023 00:04:12
https://hahana.soest.hawaii.edu/hot/hot-dogs/cextraction.html

crn, julian, press, fluor, 
#, day, dbar, ug/l, 
  1,   30,   50.0,  0.2874,
  2,   62,   50.0,  0.1841,
  3,   99,   50.0,  0.2807,
  4,  148,   50.0,  0.1433,
  5,  177,   50.0, -9.0000,
  6,  229,   50.0,  0.1414,
  7,  266,   50.0, -9.0000,
  8,  301,   50.0,  0.1770,
  9,  327,   50.0, -9.0000,
 10,  356,   50.0,  0.1453,
 11,  382,   50.0,  0.1842,
 12,  422,   50.0,  0.1278,
 13,  461,   50.0,  0.0914,
 14,  502,   50.0,  0.1098,
 15,  534,   50.0,  0.1334,
 16,  559,   50.0,  0.0614,
 17,  585,   50.0,  0.0861,
 18,  620,   50.0,  0.0717,
 19,  662,   50.0,  0.0808,
 20,  714,   50.0, -9.0000,
 22,  808,   50.0,  0.1278,
 23,  855,   50.0,  0.0977,
 24,  887,   50.0,  0.0680,
 25,  921,   50.0, -9.0000,
 26,  949,   50.0, -9.0000,
 27,  977,   50.0,  0.1588,
 28, 1012,   50.0,  0.1398,
 29, 1043,   50.0,  0.1507,
 30, 1082,   50.0,  0.1210,
 31, 1115,   50.0,  0.2006,
 32, 1162,   50.0,  0.2520,
 33, 1191,   50.0,  0.2569,
 34, 1232,   50.0,  0.2708,
 35, 1252,   50.0,  0.1596,
 36, 1294,   50.0,  0.0959,
 37, 1347,   50.0, -9.0000,
 38, 1373,   50.0,  0.1333,
 39, 1404,   50.0,  0.1415,
 40, 1453,   50.0,  0.1737,
 41, 1480,   50.0,  0.1875,
 42, 1515,   50.0, -9.0000,
 43, 1537,   50.0, -9.0000,
 44, 1572,   50.0,  0.2515,
 45, 1600,   50.0,  0.1776,
 46, 1657,   50.0,  0.1091,
 47, 1693,   50.0,  0.1606,
 49, 1810,   50.0,  0.1229,
 50, 1855,   50.0,  0.1451,
 51, 1937,   50.0,  0.2591,
 52, 1965,   50.0,  0.3491,
 53, 1985,   50.0,  0.1399,
 54, 2087,   50.0,  0.1515,
 55, 2123,   50.0,  0.2570,
 56, 2159,   50.0,  0.1474,
 57, 2183,   50.0,  0.1335,
 58, 2205,   50.0,  0.1336,
 59, 2240,   50.0,  0.2115,
 60, 2319,   50.0,  0.1573,
 61, 2345,   50.0,  0.1534,
 62, 2378,   50.0,  0.1469,
 63, 2409,   50.0,  0.1690,
 64, 2493,   50.0,  0.1358,
 65, 2523,   50.0,  0.1160,
 66, 2551,   50.0,  0.1373,
 67, 2582,   50.0,  0.1274,
 68, 2603,   50.0,  0.1572,
 69, 2664,   50.0,  0.1081,
 70, 2734,   50.0,  0.0945,
 71, 2762,   50.0,  0.1000,
 72, 2790,   50.0,  0.1004,
 73, 2825,   50.0,  0.0942,
 74, 2856,   50.0,  0.2064,
 75, 2881,   50.0,  0.2037,
 76, 2923,   50.0,  0.2024,
 77, 2951,   50.0,  0.1734,
 78, 2993,   50.0,  0.2437,
 79, 3021,   50.0,  0.2007,
 80, 3062,   50.0,  0.1713,
 81, 3084,   50.0,  0.1809,
 82, 3112,   50.0, -9.0000,
 83, 3140,   50.0,  0.1513,
 84, 3168,   50.0,  0.1279,
 85, 3203,   50.0,  0.1447,
 86, 3227,   50.0,  0.1314,
 87, 3281,   50.0,  0.0963,
 88, 3352,   50.0,  0.2756,
 89, 3389,   50.0,  0.2366,
 90, 3428,   50.0,  0.1648,
 91, 3455,   50.0,  0.1728,
 92, 3483,   50.0,  0.2130,
 93, 3511,   50.0,  0.1553,
 94, 3546,   50.0,  0.1550,
 95, 3574,   50.0,  0.1625,
 96, 3600,   50.0,  0.3127,
 97, 3649,   50.0,  0.0962,
 98, 3670,   50.0,  0.1383,
 99, 3693,   50.0,  0.2034,
100, 3721,   50.0,  0.2452,
101, 3756,   50.0,  0.2525,
102, 3792,   50.0,  0.2655,
103, 3819,   50.0,  0.2085,
104, 3847,   50.0,  0.2698,
105, 3873,   50.0,  0.1695,
106, 3938,   50.0,  0.1807,
107, 3968,   50.0,  0.2207,
108, 4031,   50.0,  0.1524,
109, 4056,   50.0,  0.1603,
110, 4092,   50.0,  0.2907,
111, 4142,   50.0,  0.2067,
112, 4169,   50.0, -9.0000,
113, 4197,   50.0, -9.0000,
114, 4225,   50.0,  0.1459,
115, 4254,   50.0,  0.1129,
116, 4281,   50.0,  0.5262,
117, 4316,   50.0,  0.3175,
118, 4344,   50.0,  0.1760,
119, 4400,   50.0,  0.1547,
120, 4443,   50.0,  0.2395,
121, 4463,   50.0,  0.1680,
122, 4491,   50.0,  0.1667,
123, 4519,   50.0,  0.1940,
124, 4554,   50.0,  0.1640,
125, 4582,   50.0,  0.1323,
126, 4610,   50.0,  0.1125,
127, 4639,   50.0,  0.1423,
128, 4666,   50.0,  0.1548,
129, 4694,   50.0,  0.1548,
130, 4749,   50.0,  0.1580,
131, 4770,   50.0,  0.3265,
132, 4795,   50.0,  0.2654,
133, 4822,   50.0,  0.4003,
134, 4855,   50.0,  0.2456,
135, 4891,   50.0,  0.1808,
136, 4911,   50.0,  0.1370,
137, 4980,   50.0,  0.1576,
138, 5019,   50.0,  0.1659,
139, 5079,   50.0,  0.1786,
140, 5119,   50.0,  0.2057,
141, 5147,   50.0,  0.1905,
142, 5168,   50.0,  0.2310,
143, 5192,   50.0,  0.2250,
144, 5221,   50.0,  0.2979,
145, 5261,   50.0,  0.1321,
146, 5292,   50.0,  0.1856,
147, 5318,   50.0,  0.1331,
148, 5345,   50.0,  0.1147,
149, 5375,   50.0,  0.1258,
150, 5405,   50.0,  0.1344,
151, 5437,   50.0,  0.1411,
152, 5492,   50.0,  0.2162,
153, 5518,   50.0,  0.1945,
154, 5558,   50.0,  0.2399,
155, 5591,   50.0,  0.2037,
156, 5625,   50.0,  0.1750,
157, 5649,   50.0,  0.1650,
158, 5681,   50.0,  0.1545,
159, 5709,   50.0,  0.1360,
160, 5737,   50.0,  0.1654,
161, 5764,   50.0,  0.1657,
162, 5798,   50.0,  0.1983,
163, 5842,   50.0,  0.1289,
164, 5874,   50.0,  0.2470,
165, 5902,   50.0,  0.2436,
166, 5925,   50.0,  0.2709,
167, 5968,   50.0,  0.2580,
168, 5999,   50.0,  0.2308,
169, 6073,   50.0,  0.1730,
170, 6101,   50.0,  0.1821,
171, 6133,   50.0,  0.1718,
172, 6161,   50.0,  0.1542,
173, 6188,   50.0,  0.4274,
174, 6217,   50.0,  0.1801,
175, 6251,   50.0,  0.1840,
176, 6282,   50.0,  0.1822,
177, 6325,   50.0,  0.3017,
178, 6346,   50.0,  0.2173,
179, 6369,   50.0,  0.2088,
180, 6392,   50.0,  0.3183,
181, 6447,   50.0,  0.1587,
182, 6465,   50.0,  0.1372,
183, 6494,   50.0,  0.1503,
184, 6521,   50.0,  0.2370,
185, 6559,   50.0,  0.1577,
186, 6594,   50.0,  0.1749,
187, 6613,   50.0,  0.1583,
188, 6644,   50.0,  0.1988,
189, 6703,   50.0,  0.1704,
190, 6745,   50.0,  0.1603,
191, 6790,   50.0,  0.1528,
192, 6826,   50.0,  0.1498,
193, 6854,   50.0,  0.1493,
194, 6881,   50.0,  0.1544,
195, 6911,   50.0,  0.1676,
196, 6941,   50.0,  0.2018,
197, 7001,   50.0,  0.1901,
198, 7020,   50.0,  0.2853,
199, 7060,   50.0,  0.2833,
200, 7085,   50.0,  0.1417,
201, 7179,   50.0,  0.0868,
202, 7208,   50.0,  0.1589,
203, 7239,   50.0,  0.2079,
204, 7260,   50.0,  0.2255,
205, 7315,   50.0,  0.3387,
206, 7366,   50.0,  0.4757,
208, 7417,   50.0,  0.2830,
209, 7445,   50.0,  0.1529,
210, 7515,   50.0,  0.1301,
211, 7544,   50.0,  0.1511,
212, 7581,   50.0,  0.1433,
213, 7602,   50.0,  0.1920,
214, 7627,   50.0,  0.2410,
215, 7664,   50.0,  0.1789,
216, 7704,   50.0,  0.2290,
217, 7740,   50.0,  0.2294,
219, 7830,   50.0,  0.2030,
220, 7858,   50.0,  0.1853,
221, 7900,   50.0,  0.1858,
222, 7921,   50.0,  0.1506,
223, 7951,   50.0,  0.1791,
224, 7981,   50.0,  0.1669,
225, 8008,   50.0,  0.1571,
226, 8038,   50.0,  0.2189,
227, 8086,   50.0,  0.1608,
228, 8135,   50.0,  0.2634,
229, 8155,   50.0,  0.1660,
230, 8186,   50.0,  0.1795,
231, 8228,   50.0,  0.1854,
232, 8256,   50.0,  0.2695,
233, 8327,   50.0,  0.1126,
234, 8368,   50.0,  0.2096,
235, 8396,   50.0,  0.2399,
236, 8435,   50.0,  0.2530,
237, 8459,   50.0,  0.4352,
238, 8480,   50.0,  0.2942,
239, 8510,   50.0,  0.2464,
240, 8576,   50.0,  0.1766,
241, 8614,   50.0,  0.1337,
242, 8643,   50.0,  0.1446,
243, 8670,   50.0,  0.1114,
244, 8705,   50.0,  0.1288,
245, 8722,   50.0,  0.1149,
246, 8750,   50.0,  0.0964,
247, 8773,   50.0,  0.1157,
248, 8830,   50.0,  0.1981,
249, 8901,   50.0,  0.1901,
250, 8923,   50.0,  0.1976,
251, 8953,   50.0,  0.1709,
252, 8995,   50.0,  0.1258,
253, 9034,   50.0,  0.1570,
254, 9112,   50.0,  0.1531,
255, 9132,   50.0,  0.2648,
256, 9158,   50.0,  0.1950,
257, 9188,   50.0,  0.1901,
258, 9212,   50.0,  0.1779,
259, 9238,   50.0,  0.1494,
260, 9268,   50.0,  0.2089,
261, 9287,   50.0,  0.1444,
262, 9323,   50.0,  0.1784,
263, 9374,   50.0,  0.1310,
264, 9404,   50.0,  0.1783,
265, 9480,   50.0,  0.1489,
266, 9509,   50.0,  0.2880,
267, 9548,   50.0,  0.3174,
268, 9573,   50.0,  0.2939,
269, 9643,   50.0,  0.1806,
270, 9675,   50.0,  0.1690,
271, 9699,   50.0,  0.1630,
272, 9731,   50.0,  0.1998,
273, 9758,   50.0,  0.1373,
274, 9788,   50.0,  0.1360,
275, 9812,   50.0,  0.1634,
277, 9874,   50.0,  0.1939,
278, 9905,   50.0,  0.2629,
279, 9930,   50.0,  0.2219,
280, 9965,   50.0,  0.2443,
281, 9993,   50.0,  0.2013,
282, 10021,   50.0,  0.2214,
283, 10058,   50.0,  0.1304,
284, 10102,   50.0,  0.1214,
285, 10146,   50.0,  0.1482,
286, 10175,   50.0,  0.1961,
287, 10242,   50.0,  0.2051,
288, 10284,   50.0,  0.1589,
289, 10342,   50.0,  0.2040,
290, 10372,   50.0,  0.1878,
291, 10406,   50.0,  0.1345,
292, 10434,   50.0,  0.1367,
293, 10462,   50.0,  0.0965,
294, 10490,   50.0,  0.1137,
295, 10539,   50.0,  0.1682,
296, 10598,   50.0,  0.1072,
297, 10631,   50.0,  0.1590,
298, 10665,   50.0,  0.2238,
299, 10701,   50.0,  0.2124,
300, 10740,   50.0,  0.3019,
301, 10791,   50.0,  0.2631,
302, 10819,   50.0,  0.1946,
303, 10861,   50.0,  0.1445,
304, 10889,   50.0,  0.2837,
305, 10937,   50.0,  0.2133,
306, 10969,   50.0,  0.1976,
307, 11004,   50.0,  0.2416,
308, 11028,   50.0,  0.2923,
309, 11064,   50.0,  0.2920,
310, 11099,   50.0,  0.2532,
311, 11171,   50.0,  0.1537,
312, 11211,   50.0,  0.1643,
313, 11231,   50.0,  0.1769,
314, 11263,   50.0,  0.2358,
315, 11296,   50.0,  0.2060,
316, 11339,   50.0,  0.1843,
317, 11401,   50.0,  0.2413,
318, 11421,   50.0,  0.2089,
319, 11444,   50.0,  0.1909,
320, 11611,   50.0,  0.1918,
321, 11634,   50.0,  0.3157,
322, 11658,   50.0,  0.1487,
323, 11684,   50.0,  0.1478,
324, 11737,   50.0,  0.2324,
325, 11767,   50.0,  0.2412,
326, 11792,   50.0,  0.2097,
327, 11827,   50.0,  0.2233,
328, 11862,   50.0,  0.2656,
329, 11883,   50.0,  0.1744,
330, 11916,   50.0,  0.1474,
331, 11953,   50.0,  0.1851,
332, 11977,   50.0,  0.1392,
333, 12081,   50.0,  0.1975,
334, 12118,   50.0,  0.2604,
335, 12231,   50.0,  0.1609,
336, 12291,   50.0,  0.1465,
337, 12335,   50.0,  0.3284,
338, 12356,   50.0,  0.1825,
339, 12388,   50.0,  0.2758,