Hawaii Ocean Time-series : 17-Dec-2023 23:55:04
https://hahana.soest.hawaii.edu/hot/hot-dogs/cextraction.html

crn, julian, press, fluor, 
#, day, dbar, ug/l, 
  1,   30,  250.0, -0.0175,
  2,   62,  250.0,  0.0039,
  3,   99,  250.0,  0.0030,
  4,  148,  250.0,  0.0121,
  5,  177,  250.0, -9.0000,
  6,  229,  250.0, -0.0211,
  7,  266,  250.0, -9.0000,
  8,  301,  250.0,  0.0363,
  9,  327,  250.0, -9.0000,
 10,  356,  250.0,  0.0371,
 11,  382,  250.0,  0.0286,
 12,  422,  250.0,  0.0095,
 13,  461,  250.0, -0.0525,
 14,  502,  250.0, -0.0098,
 15,  534,  250.0,  0.0467,
 16,  559,  250.0,  0.0300,
 17,  585,  250.0,  0.0270,
 18,  620,  250.0,  0.0257,
 19,  662,  250.0,  0.0300,
 20,  714,  250.0, -9.0000,
 22,  808,  250.0,  0.0403,
 23,  855,  250.0,  0.0346,
 24,  887,  250.0,  0.0111,
 25,  921,  250.0, -9.0000,
 26,  949,  250.0, -9.0000,
 27,  977,  250.0,  0.0741,
 28, 1012,  250.0,  0.0494,
 29, 1043,  250.0,  0.0678,
 30, 1082,  250.0,  0.0146,
 31, 1115,  250.0,  0.0756,
 32, 1162,  250.0,  0.0765,
 33, 1191,  250.0,  0.0792,
 34, 1232,  250.0,  0.0081,
 35, 1252,  250.0,  0.0796,
 36, 1294,  250.0,  0.0186,
 37, 1347,  250.0, -9.0000,
 38, 1373,  250.0,  0.0638,
 39, 1404,  250.0,  0.0415,
 40, 1453,  250.0,  0.0467,
 41, 1480,  250.0,  0.0486,
 42, 1515,  250.0, -9.0000,
 43, 1537,  250.0, -9.0000,
 44, 1572,  250.0,  0.0626,
 45, 1600,  250.0,  0.0621,
 46, 1657,  250.0,  0.0444,
 47, 1693,  250.0,  0.0498,
 49, 1810,  250.0,  0.0639,
 50, 1855,  250.0,  0.0699,
 51, 1937,  250.0,  0.0674,
 52, 1965,  250.0,  0.0280,
 53, 1985,  250.0,  0.0797,
 54, 2087,  250.0,  0.0891,
 55, 2123,  250.0,  0.0470,
 56, 2159,  250.0,  0.0609,
 57, 2183,  250.0,  0.0562,
 58, 2205,  250.0,  0.0448,
 59, 2240,  250.0,  0.0745,
 60, 2319,  250.0,  0.0358,
 61, 2345,  250.0,  0.0740,
 62, 2378,  250.0,  0.0365,
 63, 2409,  250.0,  0.0683,
 64, 2493,  250.0,  0.0528,
 65, 2523,  250.0,  0.0341,
 66, 2551,  250.0,  0.0373,
 67, 2582,  250.0,  0.0566,
 68, 2603,  250.0,  0.0448,
 69, 2664,  250.0,  0.0180,
 70, 2734,  250.0,  0.0591,
 71, 2762,  250.0,  0.0083,
 72, 2790,  250.0,  0.0298,
 73, 2825,  250.0, -0.0052,
 74, 2856,  250.0,  0.0023,
 75, 2881,  250.0,  0.0338,
 76, 2923,  250.0,  0.0603,
 77, 2951,  250.0,  0.0586,
 78, 2993,  250.0,  0.0301,
 79, 3021,  250.0,  0.0452,
 80, 3062,  250.0,  0.0820,
 81, 3084,  250.0,  0.0619,
 82, 3112,  250.0, -9.0000,
 83, 3140,  250.0,  0.0609,
 84, 3168,  250.0,  0.0378,
 85, 3203,  250.0,  0.0530,
 86, 3227,  250.0,  0.0328,
 87, 3281,  250.0,  0.0569,
 88, 3352,  250.0,  0.0550,
 89, 3389,  250.0,  0.0437,
 90, 3428,  250.0,  0.0312,
 91, 3455,  250.0,  0.0590,
 92, 3483,  250.0,  0.0867,
 93, 3511,  250.0,  0.0840,
 94, 3546,  250.0,  0.0817,
 95, 3574,  250.0,  0.0718,
 96, 3600,  250.0,  0.0115,
 97, 3649,  250.0,  0.0334,
 98, 3670,  250.0,  0.0728,
 99, 3693,  250.0,  0.0631,
100, 3721,  250.0,  0.0473,
101, 3756,  250.0,  0.0694,
102, 3792,  250.0,  0.0900,
103, 3819,  250.0,  0.0974,
104, 3847,  250.0,  0.1527,
105, 3873,  250.0,  0.0678,
106, 3938,  250.0,  0.1345,
107, 3968,  250.0,  0.1162,
108, 4031,  250.0,  0.0842,
109, 4056,  250.0,  0.0604,
110, 4092,  250.0,  0.0674,
111, 4142,  250.0,  0.0520,
112, 4169,  250.0, -9.0000,
113, 4197,  250.0, -9.0000,
114, 4225,  250.0,  0.0443,
115, 4254,  250.0,  0.0408,
116, 4281,  250.0,  0.0315,
117, 4316,  250.0,  0.1004,
118, 4344,  250.0,  0.0496,
119, 4400,  250.0,  0.0813,
120, 4443,  250.0,  0.0956,
121, 4463,  250.0,  0.0441,
122, 4491,  250.0,  0.0595,
123, 4519,  250.0,  0.0439,
124, 4554,  250.0,  0.0501,
125, 4582,  250.0,  0.0308,
126, 4610,  250.0,  0.0716,
127, 4639,  250.0,  0.0537,
128, 4666,  250.0,  0.0438,
129, 4694,  250.0,  0.0426,
130, 4749,  250.0,  0.0480,
131, 4770,  250.0,  0.0558,
132, 4795,  250.0,  0.0615,
133, 4822,  250.0,  0.0497,
134, 4855,  250.0,  0.0368,
135, 4891,  250.0,  0.0422,
136, 4911,  250.0,  0.0272,
137, 4980,  250.0,  0.0707,
138, 5019,  250.0,  0.0332,
139, 5079,  250.0,  0.0532,
140, 5119,  250.0,  0.0772,
141, 5147,  250.0,  0.0546,
142, 5168,  250.0,  0.0240,
143, 5192,  250.0,  0.0058,
144, 5221,  250.0,  0.0745,
145, 5261,  250.0,  0.0529,
146, 5292,  250.0,  0.0495,
147, 5318,  250.0,  0.0542,
148, 5345,  250.0,  0.0242,
149, 5375,  250.0,  0.0462,
150, 5405,  250.0,  0.0326,
151, 5437,  250.0,  0.0406,
152, 5492,  250.0,  0.0216,
153, 5518,  250.0,  0.0458,
154, 5558,  250.0,  0.0174,
155, 5591,  250.0,  0.0353,
156, 5625,  250.0,  0.0419,
157, 5649,  250.0,  0.0258,
158, 5681,  250.0,  0.0232,
159, 5709,  250.0,  0.0327,
160, 5737,  250.0,  0.0626,
161, 5764,  250.0,  0.0487,
162, 5798,  250.0,  0.0485,
163, 5842,  250.0, -9.0000,
164, 5874,  250.0,  0.0699,
165, 5902,  250.0,  0.0233,
166, 5925,  250.0,  0.0270,
167, 5968,  250.0,  0.0350,
168, 5999,  250.0,  0.0551,
169, 6073,  250.0, -0.0160,
170, 6101,  250.0,  0.0820,
171, 6133,  250.0,  0.0478,
172, 6161,  250.0,  0.0089,
173, 6188,  250.0, -0.0261,
174, 6217,  250.0,  0.0043,
175, 6251,  250.0,  0.0514,
176, 6282,  250.0,  0.0036,
177, 6325,  250.0, -0.0199,
178, 6346,  250.0,  0.0294,
179, 6369,  250.0,  0.0165,
180, 6392,  250.0,  0.0775,
181, 6447,  250.0,  0.0453,
182, 6465,  250.0,  0.0408,
183, 6494,  250.0,  0.0044,
184, 6521,  250.0,  0.0263,
185, 6559,  250.0,  0.0063,
186, 6594,  250.0, -0.0327,
187, 6613,  250.0, -0.0054,
188, 6644,  250.0,  0.0444,
189, 6703,  250.0,  0.0218,
190, 6745,  250.0,  0.0692,
191, 6790,  250.0, -0.0101,
192, 6826,  250.0, -0.0003,
193, 6854,  250.0,  0.0434,
194, 6881,  250.0,  0.0345,
195, 6911,  250.0,  0.0172,
196, 6941,  250.0,  0.0511,
197, 7001,  250.0,  0.0474,
198, 7020,  250.0,  0.0433,
199, 7060,  250.0, -0.0313,
200, 7085,  250.0,  0.0087,
201, 7179,  250.0, -0.0429,
202, 7208,  250.0,  0.0315,
203, 7239,  250.0,  0.0280,
204, 7260,  250.0,  0.0640,
205, 7315,  250.0, -0.0137,
206, 7366,  250.0,  0.0415,
208, 7417,  250.0,  0.0078,
209, 7445,  250.0,  0.0536,
210, 7515,  250.0,  0.0269,
211, 7544,  250.0,  0.0487,
212, 7581,  250.0,  0.0301,
213, 7602,  250.0,  0.0116,
214, 7627,  250.0,  0.0089,
215, 7664,  250.0,  0.0347,
216, 7704,  250.0,  0.0244,
217, 7740,  250.0,  0.0194,
219, 7830,  250.0,  0.0534,
220, 7858,  250.0,  0.0518,
221, 7900,  250.0,  0.0172,
222, 7921,  250.0,  0.0353,
223, 7951,  250.0,  0.0298,
224, 7981,  250.0,  0.0178,
225, 8008,  250.0, -0.0009,
226, 8038,  250.0, -0.0223,
227, 8086,  250.0,  0.0203,
228, 8135,  250.0,  0.0175,
229, 8155,  250.0,  0.0168,
230, 8186,  250.0,  0.0203,
231, 8228,  250.0, -0.0094,
232, 8256,  250.0,  0.0453,
233, 8327,  250.0,  0.0063,
234, 8368,  250.0,  0.0262,
235, 8396,  250.0, -0.0152,
236, 8435,  250.0,  0.0112,
237, 8459,  250.0, -0.0197,
238, 8480,  250.0,  0.0453,
239, 8510,  250.0, -0.0178,
240, 8576,  250.0,  0.0306,
241, 8614,  250.0,  0.0287,
242, 8643,  250.0,  0.0247,
243, 8670,  250.0,  0.0129,
244, 8705,  250.0,  0.0167,
245, 8722,  250.0, -0.0191,
246, 8750,  250.0,  0.0253,
247, 8773,  250.0,  0.0039,
248, 8830,  250.0,  0.0442,
249, 8901,  250.0,  0.0183,
250, 8923,  250.0,  0.0427,
251, 8953,  250.0,  0.0646,
252, 8995,  250.0,  0.0117,
253, 9034,  250.0,  0.0415,
254, 9112,  250.0,  0.0056,
255, 9132,  250.0,  0.0332,
256, 9158,  250.0, -0.0006,
257, 9188,  250.0,  0.0201,
258, 9212,  250.0,  0.0497,
259, 9238,  250.0,  0.0490,
260, 9268,  250.0,  0.0206,
261, 9287,  250.0,  0.0096,
262, 9323,  250.0,  0.0203,
263, 9374,  250.0,  0.0193,
264, 9404,  250.0,  0.0004,
265, 9480,  250.0,  0.0167,
266, 9509,  250.0, -0.0090,
267, 9548,  250.0,  0.0590,
268, 9573,  250.0,  0.0018,
269, 9643,  250.0,  0.0325,
270, 9675,  250.0,  0.0918,
271, 9699,  250.0,  0.0426,
272, 9731,  250.0,  0.0262,
273, 9758,  250.0,  0.0254,
274, 9788,  250.0,  0.0292,
275, 9812,  250.0,  0.0704,
277, 9874,  250.0,  0.0497,
278, 9905,  250.0,  0.0734,
279, 9930,  250.0,  0.0424,
280, 9965,  250.0,  0.0851,
281, 9993,  250.0,  0.0626,
282, 10021,  250.0,  0.0412,
283, 10058,  250.0,  0.0767,
284, 10102,  250.0,  0.0640,
285, 10146,  250.0,  0.0536,
286, 10175,  250.0,  0.0644,
287, 10242,  250.0,  0.0448,
288, 10284,  250.0,  0.0258,
289, 10342,  250.0,  0.0709,
290, 10372,  250.0,  0.0729,
291, 10406,  250.0,  0.0085,
292, 10434,  250.0,  0.0651,
293, 10462,  250.0,  0.0160,
294, 10490,  250.0,  0.0326,
295, 10539,  250.0,  0.0526,
296, 10598,  250.0,  0.0446,
297, 10631,  250.0,  0.0141,
298, 10665,  250.0,  0.0494,
299, 10701,  250.0,  0.0565,
300, 10740,  250.0,  0.0776,
301, 10791,  250.0,  0.0825,
302, 10819,  250.0,  0.1073,
303, 10861,  250.0,  0.0433,
304, 10889,  250.0,  0.0404,
305, 10937,  250.0,  0.0557,
306, 10969,  250.0,  0.0058,
307, 11004,  250.0,  0.0482,
308, 11028,  250.0,  0.0506,
309, 11064,  250.0,  0.0770,
310, 11099,  250.0,  0.0764,
311, 11171,  250.0,  0.0438,
312, 11211,  250.0,  0.0790,
313, 11231,  250.0,  0.0297,
314, 11263,  250.0,  0.0326,
315, 11296,  250.0,  0.0433,
316, 11339,  250.0,  0.0550,
317, 11401,  250.0,  0.0950,
318, 11421,  250.0,  0.0538,
319, 11444,  250.0,  0.0304,
320, 11611,  250.0,  0.0772,
321, 11634,  250.0,  0.0282,
322, 11658,  250.0,  0.0396,
323, 11684,  250.0,  0.0172,
324, 11737,  250.0,  0.0629,
325, 11767,  250.0,  0.0603,
326, 11792,  250.0,  0.0481,
327, 11827,  250.0,  0.0227,
328, 11862,  250.0,  0.0750,
329, 11883,  250.0,  0.0491,
330, 11916,  250.0,  0.0598,
331, 11953,  250.0,  0.0543,
332, 11977,  250.0,  0.0337,
333, 12081,  250.0,  0.0846,
334, 12118,  250.0,  0.1043,
335, 12231,  250.0,  0.0953,
336, 12291,  250.0,  0.0308,
337, 12335,  250.0,  0.0824,
338, 12356,  250.0,  0.0596,
339, 12388,  250.0,  0.0588,