Hawaii Ocean Time-series : 29-Apr-2024 01:18:44
https://hahana.soest.hawaii.edu/hot/hot-dogs/bextraction.html

botid, date, time, press, hplc, 
#, mmddyy, hhmmss, dbar, ng/l, 
0020201011, 120388, 044947,    2.1,  23.0,
0020201009, 120388, 044659,   22.8,  34.0,
0020201008, 120388, 044600,   48.6,  55.0,
0020201007, 120388, 044507,   73.0,  56.0,
0020201006, 120388, 044413,   98.2, 135.0,
0020201005, 120388, 044304,  126.0,  24.0,
0020201004, 120388, 044153,  152.7,   5.0,
0020201003, 120388, 044034,  177.4,   5.0,
0040200608, 022889, 151314,    5.8,  82.0,
0040200607, 022889, 151025,   22.1,  81.0,
0040200606, 022889, 150904,   41.8, 104.0,
0040200605, 022889, 150732,   71.8, 145.0,
0040200604, 022889, 150544,   99.6, 173.0,
0040200603, 022889, 150425,  123.2, 151.0,
0040200602, 022889, 150248,  151.1,  48.0,
0040200601, 022889, 150127,  177.4,  16.0,
0050201612, 032989, 013558,   40.8,  72.0,
0050201611, 032989, 013329,   71.7, 116.0,
0050201610, 032989, 013210,   81.6, 136.0,
0050201609, 032989, 013033,   92.5, 162.0,
0050201608, 032989, 012906,  101.9, 201.0,
0050201607, 032989, 012749,  111.7, 248.0,
0050201606, 032989, 012623,  121.6, 232.0,
0050201605, 032989, 012510,  127.4, 216.0,
0050201604, 032989, 012401,  133.7, 195.0,
0050201603, 032989, 012213,  143.6, 114.0,
0050201602, 032989, 012040,  152.5,  86.0,
0050201601, 032989, 011734,  200.2,   9.0,
0060201308, 051989, 113223,   42.8,  78.0,
0060201307, 051989, 113038,   73.5,  95.0,
0060201306, 051989, 112910,   99.6, 318.0,
0060201305, 051989, 112747,  124.1, 124.0,
0060201304, 051989, 112617,  149.8,  68.0,
0060201303, 051989, 112418,  176.3,  15.0,
0060201302, 051989, 112139,  252.6,   0.0,
0060201301, 051989, 111936,  304.0,   0.0,
0060201812, 052089, 080700,   37.7,  67.0,
0060201811, 052089, 080520,   67.7,  79.0,
0060201810, 052089, 080417,   77.3, 101.0,
0060201809, 052089, 080306,   87.5, 153.0,
0060201808, 052089, 080153,   97.4, 349.0,
0060201807, 052089, 080037,  107.4, 284.0,
0060201806, 052089, 075934,  112.4, 252.0,
0060201805, 052089, 075811,  118.2, 216.0,
0060201804, 052089, 075639,  128.3, 151.0,
0060201803, 052089, 075448,  149.0,  89.0,
0060201802, 052089, 075238,  175.1,  16.0,
0060201801, 052089, 075034,  200.9,   2.0,
0080201812, 073189, 075904,    5.5,  64.0,
0080201811, 073189, 075612,   26.8,  74.0,
0080201810, 073189, 075424,   46.7, 109.0,
0080201809, 073189, 075155,   77.8, 153.0,
0080201808, 073189, 075028,   93.4, 176.0,
0080201807, 073189, 074912,  102.9, 219.0,
0080201806, 073189, 074718,  112.5, 178.0,
0080201805, 073189, 074544,  128.5, 121.0,
0080201804, 073189, 074333,  139.5,  84.0,
0080201803, 073189, 074200,  155.2,  57.0,
0080201802, 073189, 074031,  180.5,  19.0,
0080201801, 073189, 073848,  206.8,   1.0,
0090201712, 082589, 103716,    4.7,  46.0,
0090201711, 082589, 103519,   26.3,  72.0,
0090201710, 082589, 103403,   46.2, 100.0,
0090201709, 082589, 103235,   77.2, 174.0,
0090201708, 082589, 103132,   92.0, 201.0,
0090201707, 082589, 103017,  103.0, 271.0,
0090201706, 082589, 102922,  112.9, 223.0,
0090201705, 082589, 102800,  128.8, 149.0,
0090201704, 082589, 102656,  139.9, 109.0,
0090201703, 082589, 102545,  154.7,  74.0,
0090201702, 082589, 102408,  181.6,  39.0,
0090201701, 082589, 102211,  208.6,  22.0,
0100201723, -00009, -00009,    5.3,  60.0,
0100201721, -00009, -00009,   26.1,  60.0,
0100201719, -00009, -00009,   46.9,  84.0,
0100201717, -00009, -00009,   78.7, 214.0,
0100201715, -00009, -00009,   93.5, 356.0,
0100201713, -00009, -00009,  103.4, 216.0,
0100201701, 092489, 085844,  210.0,   4.0,
0100201820, -00009, -00009,  105.4, 201.0,
0100201817, -00009, -00009,  120.2, 160.0,
0100201814, 092489, 113735,  130.6, 126.0,
0100201811, 092489, 113123,  147.3,  62.0,
0100201808, 092489, 112534,  174.8,  20.0,
0110201223, 101989, 091801,    4.9,  70.0,
0110201222, 101989, 091606,   25.2,  58.0,
0110201217, 101989, 091247,   75.3, 127.0,
0110201216, 101989, 091139,   90.6, 171.0,
0110201214, 101989, 091021,  101.3, 230.0,
0110201212, 101989, 090906,  112.3, 185.0,
0110201210, 101989, 090742,  126.5,  99.0,
0110201208, 101989, 090625,  136.8,  59.0,
0110201206, 101989, 090453,  153.9,  33.0,
0110201204, 101989, 090311,  178.8,  14.0,
0110201202, 101989, 090026,  208.9,  17.0,
0120200118, 112889, 013100,    4.4,  79.0,
0120200115, 112889, 012752,   23.4,  78.0,
0120200112, 112889, 012445,   44.4, 111.0,
0120200108, 112889, 011928,   75.6, 186.0,
0120200105, 112889, 011539,  104.9, 214.0,
0120200103, 112889, 011323,  129.1, 104.0,
0120200102, 112889, 011149,  154.9,  47.0,
0120200101, 112889, 010946,  184.2,  25.0,
0140201623, -00009, -00009,   50.0, 112.0,
0140201622, -00009, -00009,   64.4, 130.0,
0140201621, -00009, -00009,   79.7, 245.0,
0140201620, -00009, -00009,   90.6, 331.0,
0140201610, 021790, 083122,  100.8, 281.0,
0140201609, 021790, 082834,  111.6, 261.0,
0140201608, 021790, 082730,  121.6, 214.0,
0140201607, 021790, 082643,  136.6, 131.0,
0140201606, 021790, 082544,  151.3, 110.0,
0140201605, 021790, 082446,  176.9,  28.0,
0140201603, 021790, 082117,  204.0,   4.0,
0150201308, 032090, 111202,    5.7,  75.0,
0150201307, 032090, 111054,   25.5,  80.0,
0150201306, 032090, 110939,   45.4,  90.0,
0150201305, 032090, 110819,   75.3,  86.0,
0150201304, 032090, 110704,   99.9, 124.0,
0150201303, 032090, 110538,  123.8, 359.0,
0150201302, 032090, 110412,  149.2, 140.0,
0150201301, 032090, 110240,  174.4, 109.0,
0160201514, 041490, 085840,    5.3,  57.0,
0160201513, 041490, 085752,   10.6,  55.0,
0160201512, 041490, 085707,   15.4,  59.0,
0160201511, 041490, 085559,   25.8,  59.0,
0160201510, 041490, 085438,   46.1,  71.0,
0160201509, 041490, 085313,   76.7, 200.0,
0160201508, 041490, 085151,  100.8, 203.0,
0160201507, 041490, 085026,  125.7, 236.0,
0160201506, 041490, 084843,  152.3, 226.0,
0160201505, 041490, 084733,  168.5, 198.0,
0160201504, 041490, 084629,  178.6, 192.0,
0160201502, 041490, 084325,  194.2, 195.0,
0160201501, 041490, 084056,  252.5,   3.0,
0170201416, 051090, 073340,    6.5, 137.0,
0170201415, 051090, 073247,   27.6, 130.0,
0170201414, 051090, 073145,   47.4, 163.0,
0170201413, 051090, 073041,   77.2, 154.0,
0170201412, 051090, 072946,   91.9, 171.0,
0170201411, 051090, 072900,  102.1, 371.0,
0170201410, 051090, 072810,  112.2, 427.0,
0170201408, 051090, 072623,  135.2, 394.0,
0170201407, 051090, 072449,  145.3, 202.0,
0170201406, 051090, 072358,  155.2, 212.0,
0170201405, 051090, 072245,  179.9,  46.0,
0170201404, 051090, 072125,  204.4,  28.0,
0170201403, 051090, 071845,  309.1,   0.0,
0180201418, 061490, 111354,    7.0,  70.0,
0180201417, 061490, 111239,   27.2,  42.0,
0180201414, 061490, 111022,   47.3,  80.0,
0180201413, 061490, 110854,   78.1, 144.0,
0180201412, 061490, 110745,   93.2, 186.0,
0180201411, 061490, 110652,  102.6, 350.0,
0180201410, 061490, 110550,  113.8, 296.0,
0180201409, 061490, 110454,  124.1, 216.0,
0180201408, 061490, 110353,  133.7, 178.0,
0180201407, 061490, 110258,  142.7, 146.0,
0180201406, 061490, 110156,  156.5,  83.0,
0180201405, 061490, 110033,  182.0,  30.0,
0180201404, 061490, 105838,  209.4,  12.0,
0180201403, 061490, 105530,  320.8,   1.0,
0190201410, 072690, 110809,    7.2,  70.0,
0190201409, 072690, 110647,   27.8,  91.0,
0190201408, 072690, 110535,   48.2, 112.0,
0190201407, 072690, 110407,   78.4, 258.0,
0190201406, 072690, 110145,  103.7, 248.0,
0190201405, 072690, 110006,  129.3, 154.0,
0190201404, 072690, 105804,  156.6,  84.0,
0190201403, 072690, 105602,  182.3,  35.0,
0220201223, 121990, 164049,    7.1, 117.0,
0220201222, 121990, 163952,   26.9, 118.0,
0220201221, 121990, 163903,   46.3, 116.0,
0220201220, 121990, 163758,   77.1,  99.0,
0220201219, 121990, 163657,  102.3, 201.0,
0220201215, 121990, 163400,  123.1, 234.0,
0220201209, 121990, 163001,  152.3,  81.0,
0220201205, 121990, 162637,  183.3,  11.0,
0230200515, 020391, 155405,    6.7,  97.0,
0230200514, 020391, 155301,   26.5,  91.0,
0230200513, 020391, 155201,   46.6, 102.0,
0230200512, 020391, 155029,   79.6, 176.0,
0230200511, 020391, 154920,  104.2, 274.0,
0230200510, 020391, 154811,  113.5, 280.0,
0230200509, 020391, 154715,  119.5, 250.0,
0230200507, 020391, 154559,  130.5, 202.0,
0230200506, 020391, 154342,  162.4,  93.0,
0230200504, 020391, 154159,  185.0,   8.0,
0240200723, 030891, 224749,    4.5,  72.0,
0240200722, 030891, 224618,   31.1, 114.0,
0240200721, 030891, 224450,   49.6, 181.0,
0240200720, 030891, 224313,   72.9, 300.0,
0240200719, 030891, 224152,  101.7, 266.0,
0240200717, 030891, 223903,  124.6, 182.0,
0240200716, 030891, 223721,  139.5, 133.0,
0240200713, 030891, 223322,  156.0,  60.0,
0240200712, 030891, 223201,  179.9,  65.0,
0250201317, 041191, 094900,    8.2,  79.0,
0250201316, 041191, 094719,   27.7,  81.0,
0250201315, 041191, 094611,   46.9, 118.0,
0250201314, 041191, 094443,   76.9, 192.0,
0250201312, 041191, 094302,   92.1, 217.0,
0250201311, 041191, 094209,  102.2, 236.0,
0250201308, 041191, 094043,  107.2, 294.0,
0250201307, 041191, 093956,  117.0, 290.0,
0250201306, 041191, 093800,  131.4, 155.0,
0250201305, 041191, 093707,  140.5, 110.0,
0250201304, 041191, 093601,  155.7,  51.0,
0250201303, 041191, 093443,  181.0,  23.0,
0260200722, 050991, 122528,   25.4,  79.0,
0260200721, 050991, 122420,   47.7,  79.0,
0260200720, 050991, 122246,   80.5,  89.0,
0260200719, 050991, 122028,  104.5, 123.0,
0260200718, 050991, 121830,  113.5, 143.0,
0260200716, 050991, 121705,  125.7, 180.0,
0260200714, 050991, 121527,  134.9, 261.0,
0260200713, 050991, 121435,  138.9, 260.0,
0260200712, 050991, 121344,  140.6, 264.0,
0260200709, 050991, 121247,  140.8, 267.0,
0260200708, 050991, 121058,  143.0, 265.0,
0260200707, 050991, 120937,  152.2, 285.0,
0260200703, 050991, 120355,  179.9, 127.0,
0260200923, 050991, 213430,    6.7,  65.0,
0260200922, 050991, 213332,   21.1,  75.0,
0260200921, 050991, 213246,   27.1,  92.0,
0260200920, 050991, 213157,   31.7,  88.0,
0260200919, 050991, 213105,   36.2,  84.0,
0260200918, 050991, 213000,   40.8,  87.0,
0260200917, 050991, 212810,   47.8,  92.0,
0260200916, 050991, 212702,   52.8,  96.0,
0260200915, 050991, 212516,   57.6, 103.0,
0260200913, 050991, 212253,   73.6, 112.0,
0260200912, 050991, 212154,   79.4, 141.0,
0260200911, 050991, 212041,   94.5, 181.0,
0260200910, 050991, 211946,  104.4, 185.0,
0270200720, 060591, 101708,    6.1,  77.0,
0270200714, 060591, 101422,   27.4,  81.0,
0270200713, 060591, 101244,   50.5,  93.0,
0270200712, 060591, 101127,   79.8, 174.0,
0270200711, 060591, 101017,  105.8, 277.0,
0270200710, 060591, 100853,  132.1, 333.0,
0270200708, 060591, 100744,  141.0, 168.0,
0270200706, 060591, 100611,  157.1, 104.0,
0270200705, 060591, 100502,  184.4,  56.0,
0280200617, 071091, 105929,    8.8,  55.0,
0280200616, 071091, 105829,   28.1,  58.0,
0280200615, 071091, 105727,   50.0,  80.0,
0280200614, 071091, 105630,   77.5, 179.0,
0280200613, 071091, 105544,   98.0, 248.0,
0280200612, 071091, 105447,  110.0, 258.0,
0280200611, 071091, 105335,  120.2, 239.0,
0280200607, 071091, 105202,  130.9, 137.0,
0280200606, 071091, 105100,  139.0, 121.0,
0280200605, 071091, 104952,  154.7,  63.0,
0280200604, 071091, 104951,  181.7,  26.0,
0280200603, 071091, 104825,  207.7,   8.0,
0280201623, 071291, 064107,   24.0,  75.0,
0280201622, 071291, 064041,   23.9,  67.0,
0280201617, 071291, 063652,   75.7, 216.0,
0280201614, 071291, 063435,  100.1, 285.0,
0280201613, 071291, 063411,  100.7, 282.0,
0280201611, 071291, 063235,  119.7, 294.0,
0280201610, 071291, 063209,  120.1, 286.0,
0280201607, 071291, 062937,  155.8,  77.0,
0280201606, 071291, 062902,  155.4,  71.0,
0290201214, 081191, 072934,    5.8,  58.0,
0290201213, 081191, 072840,   24.9,  56.0,
0290201212, 081191, 072739,   49.4,  73.0,
0290201211, 081191, 072633,   77.2, 148.0,
0290201210, 081191, 072533,  101.8, 247.0,
0290201209, 081191, 072446,  111.8, 279.0,
0290201208, 081191, 072405,  117.0, 275.0,
0290201206, 081191, 072219,  131.2, 251.0,
0290201205, 081191, 072107,  155.1, 117.0,
0290201204, 081191, 071952,  184.1,  27.0,
0290201203, 081191, 071728,  213.7,   5.0,
0300201515, 091991, 095901,   13.5,  67.0,
0300201512, 091991, 095716,   33.1,  81.0,
0300201511, 091991, 095701,   32.8,  74.0,
0300201510, 091991, 095600,   52.2, 117.0,
0300201509, 091991, 095443,   81.6, 218.0,
0300201508, 091991, 095327,  107.2, 293.0,
0300201507, 091991, 095310,  107.3, 289.0,
0300201506, 091991, 095151,  132.5, 163.0,
0300201503, 091991, 094710,  186.2,  40.0,
0320201820, 120891, 071943,    5.5, 123.0,
0320201819, 120891, 071821,   24.8, 119.0,
0320201818, 120891, 071757,   24.8, 117.0,
0320201817, 120891, 071655,   45.1, 116.0,
0320201816, 120891, 071525,   75.0, 127.0,
0320201815, 120891, 071431,   90.9, 172.0,
0320201814, 120891, 071244,  100.8, 238.0,
0320201813, 120891, 071224,  101.1, 239.0,
0320201812, 120891, 071140,  111.2, 207.0,
0320201811, 120891, 071044,  126.2, 122.0,
0320201810, 120891, 070857,  152.7,  82.0,
0320201809, 120891, 070621,  171.4,  11.0,
0330201517, -00009, -00009,    7.0, 102.0,
0330201516, -00009, -00009,   26.3, 100.0,
0330201515, -00009, -00009,   26.3,  97.0,
0330201514, -00009, -00009,   45.6, 141.0,
0330201513, -00009, -00009,   76.3, 274.0,
0330201512, -00009, -00009,   81.5, 280.0,
0330201511, -00009, -00009,   86.4, 301.0,
0330201510, -00009, -00009,   91.4, 312.0,
0330201509, -00009, -00009,   96.5, 250.0,
0330201508, -00009, -00009,  101.5, 202.0,
0330201507, -00009, -00009,  101.3, 189.0,
0330201505, -00009, -00009,  126.4, 121.0,
0330201504, -00009, -00009,  152.7,  53.0,
0330201503, -00009, -00009,  172.1,   8.0,
0340201822, 021692, 085557,    7.3,  87.0,
0340201820, 021692, 085359,   27.6, 114.0,
0340201819, 021692, 085255,   47.6, 135.0,
0340201818, 021692, 085148,   77.7, 181.0,
0340201817, 021692, 085113,   82.9, 201.0,
0340201816, 021692, 085027,   88.6, 234.0,
0340201815, 021692, 084938,   93.5, 279.0,
0340201814, 021692, 084842,   98.6, 300.0,
0340201813, 021692, 084755,  103.3, 266.0,
0340201810, 021692, 084551,  126.8, 133.0,
0340201808, 021692, 084408,  146.9,  60.0,
0340201807, 021692, 084208,  175.1,  32.0,
0350200818, -00009, -00009,   13.8,  79.0,
0350200817, -00009, -00009,   26.4,  81.0,
0350200816, -00009, -00009,   46.6, 108.0,
0350200815, -00009, -00009,   79.1, 154.0,
0350200814, -00009, -00009,   91.3, 217.0,
0350200813, -00009, -00009,  100.6, 236.0,
0350200812, -00009, -00009,  105.7, 302.0,
0350200811, -00009, -00009,  110.5, 290.0,
0350200810, -00009, -00009,  115.4, 195.0,
0350200808, -00009, -00009,  131.9, 110.0,
0350200807, -00009, -00009,  142.5,  51.0,
0350200806, -00009, -00009,  177.4,  23.0,
0350200805, -00009, -00009,  201.2,  10.0,
0360201423, -00009, -00009,    7.3,  74.0,
0360201422, -00009, -00009,   28.1,  73.0,
0360201421, -00009, -00009,   48.1,  78.0,
0360201420, -00009, -00009,   78.6,  91.0,
0360201419, -00009, -00009,  104.4, 124.0,
0360201418, -00009, -00009,  114.5, 141.0,
0360201417, -00009, -00009,  124.5, 271.0,
0360201416, -00009, -00009,  129.3, 282.0,
0360201415, -00009, -00009,  134.4, 260.0,
0360201413, -00009, -00009,  144.4, 187.0,
0360201412, -00009, -00009,  154.3, 136.0,
0360201411, -00009, -00009,  168.6,  95.0,
0360201410, -00009, -00009,  178.7,  32.0,
0360201409, -00009, -00009,  203.7,  18.0,
0370201217, 061092, 100258,    9.0,  80.0,
0370201216, 061092, 100159,   28.8,  82.0,
0370201215, 061092, 100047,   48.4,  89.0,
0370201214, 061092, 095915,   79.0, 168.0,
0370201213, 061092, 095757,  104.4, 283.0,
0370201212, 061092, 095701,  119.3, 337.0,
0370201211, 061092, 095620,  123.7, 342.0,
0370201210, 061092, 095521,  129.0, 227.0,
0370201209, 061092, 095429,  134.0, 182.0,
0370201208, 061092, 095324,  139.0, 138.0,
0370201207, 061092, 095206,  156.5,  99.0,
0370201206, 061092, 095010,  180.3,  52.0,
0380201619, 070692, 132331,    9.6,  57.0,
0380201618, 070692, 132226,   29.3,  59.0,
0380201617, 070692, 132136,   47.5,  76.0,
0380201616, 070692, 132037,   78.4, 182.0,
0380201615, 070692, 131955,   88.6, 221.0,
0380201614, 070692, 131905,   98.8, 252.0,
0380201613, 070692, 131821,  109.0, 261.0,
0380201612, 070692, 131741,  114.1, 238.0,
0380201611, 070692, 131702,  119.0, 201.0,
0380201610, 070692, 131623,  124.8, 138.0,
0380201609, 070692, 131540,  134.9, 103.0,
0380201608, 070692, 131444,  154.6,  61.0,
0380201607, 070692, 131332,  179.0,  22.0,
0380201606, 070692, 131231,  204.1,   5.0,
0390200517, 080592, 073823,    9.8,  64.0,
0390200516, 080592, 073723,   29.9,  59.0,
0390200515, 080592, 073709,   29.7,  57.0,
0390200514, 080592, 073611,   49.0,  74.0,
0390200513, 080592, 073516,   64.5,  87.0,
0390200512, 080592, 073413,   79.7, 152.0,
0390200511, 080592, 073326,   88.8, 201.0,
0390200510, 080592, 073231,  104.4, 265.0,
0390200509, 080592, 073124,  119.7, 275.0,
0390200508, 080592, 073032,  128.6, 250.0,
0390200507, 080592, 072935,  141.0, 252.0,
0390200506, 080592, 072818,  158.6, 112.0,
0390200505, 080592, 072657,  177.3,  28.0,
0400201516, -00009, -00009,    5.4,  69.0,
0400201515, -00009, -00009,   25.3,  75.0,
0400201514, -00009, -00009,   44.9, 110.0,
0400201513, -00009, -00009,   60.1, 135.0,
0400201512, -00009, -00009,   74.1, 207.0,
0400201511, -00009, -00009,   89.3, 235.0,
0400201510, -00009, -00009,   99.6, 273.0,
0400201509, -00009, -00009,  109.5, 297.0,
0400201508, -00009, -00009,  124.7, 152.0,
0400201507, -00009, -00009,  134.7, 155.0,
0400201506, -00009, -00009,  149.9,  42.0,
0400201505, -00009, -00009,  174.8,  31.0,
0410201518, -00009, -00009,    5.8,  72.0,
0410201517, -00009, -00009,   24.7,  69.0,
0410201516, -00009, -00009,   44.4,  69.0,
0410201515, -00009, -00009,   75.5, 150.0,
0410201514, -00009, -00009,   90.7, 195.0,
0410201513, -00009, -00009,   95.7, 218.0,
0410201512, -00009, -00009,  100.8, 287.0,
0410201511, -00009, -00009,  105.8, 292.0,
0410201510, -00009, -00009,  115.7, 154.0,
0410201509, -00009, -00009,  125.9, 102.0,
0410201508, -00009, -00009,  151.8,  51.0,
0410201507, -00009, -00009,  175.7,  37.0,
0410201506, -00009, -00009,  201.2,   8.0,
0420200512, -00009, -00009,    5.0,  71.0,
0420200511, -00009, -00009,   25.0,  69.0,
0420200510, -00009, -00009,   60.0,  73.0,
0420200509, -00009, -00009,   80.0,  87.0,
0420200508, -00009, -00009,   90.0, 119.0,
0420200507, -00009, -00009,  100.0, 135.0,
0420200506, -00009, -00009,  110.0, 265.0,
0420200505, -00009, -00009,  125.0, 271.0,
0420200504, -00009, -00009,  150.0, 129.0,
0420200503, -00009, -00009,  175.0,  27.0,
0420200502, -00009, -00009,  200.0,  16.0,
0430200212, -00009, -00009,    5.0,  82.0,
0430200211, -00009, -00009,   25.0,  85.0,
0430200210, -00009, -00009,   45.0,  92.0,
0430200209, -00009, -00009,   75.0, 201.0,
0430200208, -00009, -00009,   90.0, 254.0,
0430200207, -00009, -00009,  100.0, 281.0,
0430200206, -00009, -00009,  110.0, 375.0,
0430200205, -00009, -00009,  120.0, 217.0,
0430200204, -00009, -00009,  130.0, 174.0,
0430200203, -00009, -00009,  140.0, 145.0,
0430200202, -00009, -00009,  150.0, 107.0,
0440201312, 012193, 114728,    5.2, 142.0,
0440201311, 012193, 114612,   24.7, 143.0,
0440201310, 012193, 114512,   43.4, 149.0,
0440201308, 012193, 114258,   90.0, 187.0,
0440201306, 012193, 114106,  113.4, 177.0,
0440201305, 012193, 114002,  124.5, 103.0,
0440201304, 012193, 113843,  150.9,  45.0,
0440201303, 012193, 113719,  176.5,   4.0,
0450201521, -00009, -00009,    5.8,  67.0,
0450201520, -00009, -00009,   26.1,  71.0,
0450201519, -00009, -00009,   46.0,  95.0,
0450201518, -00009, -00009,   64.9, 264.0,
0450201517, -00009, -00009,   71.0, 282.0,
0450201516, 021893, 094807,   75.5, 342.0,
0450201515, 021893, 094627,   85.2, 345.0,
0450201514, 021893, 094501,   95.2, 254.0,
0450201513, 021893, 094357,  105.2, 229.0,
0450201512, 021893, 094300,  125.2,  75.0,
0450201511, 021893, 094205,  150.9,  49.0,
0450201510, 021893, 094111,  176.6,   3.0,
0460200924, 041593, 074146,    5.8,  64.0,
0460200923, 041593, 073917,   23.7,  69.0,
0460200922, 041593, 073706,   43.8,  63.0,
0460200921, 041593, 073446,   74.2,  93.0,
0460200920, 041593, 073259,   89.6, 182.0,
0460200919, 041593, 073056,  100.2, 262.0,
0460200918, 041593, 072907,  103.7, 270.0,
0460200917, 041593, 072714,  109.2, 290.0,
0460200916, 041593, 072534,  114.1, 268.0,
0460200911, 041593, 071518,  119.5, 290.0,
0460200910, 041593, 071311,  124.6, 312.0,
0460200909, 041593, 071047,  135.1, 268.0,
0460200908, 041593, 070838,  149.8, 173.0,
0460200903, 041593, 065936,  173.1,  64.0,
0470200324, 052093, 075149,    6.7,  65.0,
0470200323, 052093, 075043,   24.5,  76.0,
0470200322, 052093, 074926,   45.1,  74.0,
0470200321, 052093, 074754,   75.7, 145.0,
0470200320, 052093, 074629,  100.7, 178.0,
0470200319, 052093, 074528,  109.4, 256.0,
0470200318, 052093, 074420,  119.2, 269.0,
0470200317, 052093, 074250,  128.8, 237.0,
0470200316, 052093, 074152,  135.1, 242.0,
0470200311, 052093, 073917,  140.2, 235.0,
0470200310, 052093, 073817,  144.1, 210.0,
0470200309, 052093, 073646,  160.8, 109.0,
0470200308, 052093, 073515,  174.7,  39.0,
0470200303, 052093, 073115,  203.0,  22.0,
0490201720, 091593, 100413,   25.3,  60.0,
0490201715, 091593, 095910,   75.9, 118.0,
0490201714, 091593, 095653,  100.7, 249.0,
0490201713, 091593, 095515,  115.9, 250.0,
0490201712, 091593, 095338,  120.7, 258.0,
0490201711, 091593, 095228,  125.9, 251.0,
0490201710, 091593, 095104,  130.1, 203.0,
0490201709, 091593, 094929,  139.9, 178.0,
0490201708, 091593, 094803,  149.8, 106.0,
0490201707, 091593, 094744,  150.1, 116.0,
0490201705, 091593, 094534,  175.4,  27.0,
0500201419, 103093, 092427,    5.7,  69.0,
0500201418, 103093, 092246,   25.8,  84.0,
0500201417, 103093, 092106,   47.4, 100.0,
0500201416, 103093, 091942,   61.8, 148.0,
0500201415, 103093, 091825,   74.4, 207.0,
0500201414, 103093, 091652,   90.0, 262.0,
0500201413, 103093, 091531,  100.4, 241.0,
0500201412, 103093, 091413,  110.8, 228.0,
0500201411, 103093, 091254,  115.6, 200.0,
0500201410, 103093, 091128,  119.7, 171.0,
0500201409, 103093, 091009,  125.6, 169.0,
0500201408, 103093, 090837,  137.1,  75.0,
0500201407, 103093, 090700,  151.7,  29.0,
0500201406, 103093, 090507,  175.1,   2.0,
0510201317, 012194, 134205,    7.1, 113.0,
0510201315, 012194, 134004,   27.0, 120.0,
0510201314, 012194, 133847,   46.3, 138.0,
0510201312, 012194, 133607,   75.0, 132.0,
0510201311, 012194, 133448,   89.6, 129.0,
0510201310, 012194, 133335,  100.1, 143.0,
0510201309, 012194, 133208,  116.0, 194.0,
0510201308, 012194, 133058,  126.1, 168.0,
0510201307, 012194, 132951,  135.3, 105.0,
0510201306, 012194, 132820,  148.8,  58.0,
0510201305, 012194, 132635,  173.7,  10.0,
0520201316, 021894, 084037,    6.3, 107.0,
0520201315, 021894, 083907,   25.8,  58.0,
0520201314, 021894, 083738,   44.2, 134.0,
0520201313, 021894, 083603,   60.5, 147.0,
0520201312, 021894, 083438,   77.5, 161.0,
0520201311, 021894, 083342,   86.1, 274.0,
0520201309, 021894, 083058,  126.4, 207.0,
0520201308, 021894, 082956,  135.6, 191.0,
0520201307, 021894, 082843,  149.8,  87.0,
0520201306, 021894, 082712,  174.0,   8.0,
0520201304, 021894, 082251,  257.4,   1.0,
0520201303, 021894, 081436,  505.6,   1.0,
0520201302, 021894, 080831,  732.3,   0.0,
0520201301, 021894, 080159, 1014.1,   0.0,
0530201516, 031094, 085819,    4.5,  64.0,
0530201515, 031094, 085707,   24.4,  59.0,
0530201514, 031094, 085604,   44.5,  66.0,
0530201513, 031094, 085457,   74.7,  97.0,
0530201512, 031094, 085345,   99.4, 149.0,
0530201511, 031094, 085213,  124.6, 279.0,
0530201510, 031094, 085103,  141.0, 227.0,
0530201509, 031094, 085009,  145.1, 231.0,
0530201508, 031094, 084919,  150.0, 216.0,
0530201507, 031094, 084827,  154.6, 202.0,
0530201506, 031094, 084732,  160.5, 181.0,
0530201505, 031094, 084637,  176.1,  86.0,
0540200415, 061894, 203509,    5.1,  59.0,
0540200414, 061894, 203329,   24.0,  52.0,
0540200413, 061894, 203143,   44.4,  57.0,
0540200412, 061894, 202924,   74.9, 114.0,
0540200411, 061894, 202719,   98.7, 157.0,
0540200410, 061894, 202711,   98.7, 158.0,
0540200409, 061894, 202510,  126.0, 226.0,
0540200408, 061894, 202329,  140.4, 240.0,
0540200407, 061894, 202156,  150.0, 229.0,
0540200406, 061894, 202004,  160.3, 169.0,
0540200405, 061894, 201825,  175.1, 101.0,
0540200404, 061894, 201621,  201.4,  31.0,
0540200403, 061894, 200858,  522.7,   0.0,
0540200402, 061894, 200309,  748.9,   0.0,
0550201312, 072694, 121000,    5.2,  84.0,
0550201311, 072694, 120824,   24.9,  85.0,
0550201310, 072694, 120645,   43.6, 124.0,
0550201309, 072694, 120516,   74.6, 128.0,
0550201308, 072694, 120326,  100.6, 211.0,
0550201307, 072694, 120156,  109.9, 192.0,
0550201306, 072694, 120028,  123.8, 144.0,
0550201305, 072694, 115806,  150.5,  71.0,
0550201304, 072694, 115602,  173.7,  20.0,
0550201407, 072694, 145513,   49.2, 179.0,
0550201404, 072694, 144853,  248.1,   5.0,
0560201424, 083194, 101551,    5.1,  75.0,
0560201423, 083194, 101438,    9.9,  69.0,
0560201422, 083194, 101311,   25.4,  72.0,
0560201421, 083194, 101144,   34.5,  75.0,
0560201420, 083194, 101014,   45.0,  85.0,
0560201419, 083194, 100843,   59.8, 129.0,
0560201418, 083194, 100705,   74.4, 183.0,
0560201417, 083194, 100525,   89.9, 225.0,
0560201416, 083194, 100402,  100.2, 263.0,
0560201415, 083194, 100246,  115.0, 213.0,
0560201413, 083194, 100026,  135.7,  86.0,
0560201412, 083194, 095853,  149.6,  66.0,
0560201411, 083194, 095718,  165.6,  48.0,
0560201410, 083194, 095608,  174.8,  49.0,
0560201409, 083194, 095417,  200.1,  19.0,
0570201216, 092494, 080853,    5.7,  49.0,
0570201214, 092494, 080720,   25.5,  57.0,
0570201213, 092494, 080536,   45.7,  73.0,
0570201212, 092494, 080321,   75.6, 149.0,
0570201211, 092494, 080221,   85.3, 147.0,
0570201210, 092494, 080122,   95.3, 183.0,
0570201209, 092494, 080027,  100.5, 196.0,
0570201208, 092494, 075932,  111.7, 266.0,
0570201207, 092494, 075818,  126.1, 222.0,
0570201206, 092494, 075703,  150.9, 101.0,
0570201205, 092494, 075551,  174.6,  17.0,
0580201512, 101694, 111329,    5.0,  59.0,
0580201511, 101694, 111154,   24.5,  61.0,
0580201510, 101694, 111020,   45.6,  74.0,
0580201509, 101694, 110829,   75.5, 134.0,
0580201508, 101694, 110651,  101.2, 212.0,
0580201507, 101694, 110512,  125.8, 192.0,
0580201506, 101694, 110329,  151.7,  71.0,
0580201505, 101694, 110137,  177.8,  15.0,
0590200615, 112094, 104440,    5.6, 121.0,
0590200614, 112094, 104245,   26.1, 123.0,
0590200613, 112094, 104124,   45.9, 121.0,
0590200612, 112094, 103940,   76.1, 122.0,
0590200611, 112094, 103831,   90.1, 161.0,
0590200610, 112094, 103728,   99.4, 267.0,
0590200609, 112094, 103625,  109.9, 281.0,
0590200608, 112094, 103511,  128.6, 175.0,
0590200607, 112094, 103245,  149.4, 110.0,
0590200606, 112094, 103116,  175.9,  31.0,
0590200605, 112094, 102844,  250.3,   2.0,
0590200603, 112094, 102202,  498.8,   0.0,
0590200602, 112094, 101551,  749.2,   0.0,
0590200601, 112094, 100908, 1022.8,   0.0,
0610201312, 030595, 114219,    4.8,  65.0,
0610201311, 030595, 114027,   25.4,  68.0,
0610201310, 030595, 113845,   44.8,  67.0,
0610201309, 030595, 113709,   74.5, 272.0,
0610201308, 030595, 113520,  100.8, 160.0,
0610201307, 030595, 113314,  124.3,  64.0,
0610201306, 030595, 113126,  150.6,  16.0,
0610201305, 030595, 112911,  174.0,   7.0,
0620201414, 040795, 100230,   24.5,  64.0,
0620201413, 040795, 100055,   44.4,  70.0,
0620201412, 040795, 095858,   74.2, 135.0,
0620201411, 040795, 095719,  100.6, 184.0,
0620201410, 040795, 095440,  125.8, 201.0,
0620201409, 040795, 095327,  134.3,  96.0,
0620201408, 040795, 095221,  137.5, 123.0,
0620201407, 040795, 095049,  145.4, 126.0,
0620201406, 040795, 094950,  149.5, 115.0,
0620201405, 040795, 094753,  174.6,  66.0,
0630201317, 050895, 091727,    4.9,  74.0,
0630201316, 050895, 091552,   24.8,  81.0,
0630201315, 050895, 091548,   24.5,  73.0,
0630201314, 050895, 091400,   45.2,  80.0,
0630201313, 050895, 091227,   75.0,  89.0,
0630201312, 050895, 091102,   99.4, 151.0,
0630201311, 050895, 091006,  110.0, 166.0,
0630201310, 050895, 090918,  115.2, 160.0,
0630201309, 050895, 090824,  120.1, 158.0,
0630201308, 050895, 090729,  125.0, 239.0,
0630201307, 050895, 090554,  150.6,  95.0,
0630201306, 050895, 090427,  175.7,  34.0,
0640201323, 073195, 120907,    4.1,  57.0,
0640201321, 073195, 120739,   24.6,  54.0,
0640201320, 073195, 120735,   24.6,  54.0,
0640201319, 073195, 120623,   33.9,  80.0,
0640201318, 073195, 120507,   44.2,  81.0,
0640201317, 073195, 120346,   73.8, 129.0,
0640201316, 073195, 120245,   85.2, 167.0,
0640201315, 073195, 120148,   94.8, 272.0,
0640201314, 073195, 120033,  103.9, 226.0,
0640201312, 073195, 115815,  114.0, 167.0,
0640201311, 073195, 115706,  124.3, 108.0,
0640201310, 073195, 115531,  150.6,  20.0,
0640201309, 073195, 115401,  175.1,   8.0,
0650201313, 082995, 102648,    4.7,  61.0,
0650201312, 082995, 102532,   24.8,  62.0,
0650201311, 082995, 102423,   44.1,  63.0,
0650201309, 082995, 102207,   74.4, 142.0,
0650201307, 082995, 101954,   99.3, 231.0,
0650201306, 082995, 101844,  119.2, 186.0,
0650201305, 082995, 101707,  150.2,  20.0,
0650201304, 082995, 101533,  175.7,   9.0,
0660201418, 092895, 100216,    4.9,  57.0,
0660201417, 092895, 100058,   16.0,  56.0,
0660201416, 092895, 100010,   24.8,  39.0,
0660201415, 092895, 095904,   34.9,  50.0,
0660201414, 092895, 095806,   44.2,  61.0,
0660201413, 092895, 095714,   54.7,  66.0,
0660201412, 092895, 095624,   64.5,  85.0,
0660201411, 092895, 095526,   74.6, 112.0,
0660201410, 092895, 095416,   94.1, 195.0,
0660201409, 092895, 095332,   99.3, 205.0,
0660201408, 092895, 095232,  110.7, 145.0,
0660201407, 092895, 095125,  124.9,  56.0,
0660201406, 092895, 095009,  149.7,  20.0,
0660201405, 092895, 094839,  174.3,  11.0,
0670201413, 102895, 055909,    4.9,  59.0,
0670201412, 102895, 055751,   24.5,  64.0,
0670201411, 102895, 055643,   45.0,  68.0,
0670201410, 102895, 055524,   74.6,  78.0,
0670201409, 102895, 055402,   99.7, 140.0,
0670201408, 102895, 055230,  125.6, 207.0,
0670201407, 102895, 055112,  148.6, 107.0,
0670201406, 102895, 054938,  173.7,  36.0,
0670201405, 102895, 054813,  198.6,  61.0,
0670201404, 102895, 054537,  248.6,   0.0,
0680201515, 111895, 090916,    4.0,  89.0,
0680201514, 111895, 090800,   23.6,  91.0,
0680201513, 111895, 090637,   45.7,  92.0,
0680201512, 111895, 090452,   74.3,  82.0,
0680201511, 111895, 090314,   89.4, 262.0,
0680201510, 111895, 090212,  100.0, 237.0,
0680201509, 111895, 090101,  109.3, 205.0,
0680201508, 111895, 085933,  124.2, 118.0,
0680201507, 111895, 085806,  150.7,  56.0,
0680201506, 111895, 085618,  174.2,  12.0,
0690201514, 011896, 075558,    5.3,  57.0,
0690201513, 011896, 075434,   25.3,  49.0,
0690201512, 011896, 075324,   44.2,  70.0,
0690201511, 011896, 075218,   59.9,  79.0,
0690201510, 011896, 075100,   73.6, 110.0,
0690201509, 011896, 075006,   84.1, 132.0,
0690201508, 011896, 074848,   99.8, 190.0,
0690201507, 011896, 074746,  114.6, 128.0,
0690201506, 011896, 074648,  123.8,  76.0,
0690201505, 011896, 074546,  134.1,  28.0,
0690201504, 011896, 074444,  148.1,  37.0,
0690201503, 011896, 074304,  174.3,   6.0,
0700201412, 032896, 075139,    5.0,  71.0,
0700201411, 032896, 075027,   24.7,  72.0,
0700201410, 032896, 074911,   44.8,  79.0,
0700201408, 032896, 074659,   73.6, 108.0,
0700201407, 032896, 074537,   98.6, 155.0,
0700201406, 032896, 074431,  115.0, 208.0,
0700201405, 032896, 074331,  124.8, 311.0,
0700201404, 032896, 074221,  149.2, 124.0,
0700201403, 032896, 074027,  174.5,  30.0,
0710201513, 042596, 134247,    4.1,  63.0,
0710201512, 042596, 134143,   24.8,  81.0,
0710201510, 042596, 133957,   44.0,  92.0,
0710201508, 042596, 133805,   74.2, 155.0,
0710201507, 042596, 133607,   99.4, 215.0,
0710201506, 042596, 133405,  128.8, 173.0,
0710201505, 042596, 133251,  149.2, 147.0,
0710201503, 042596, 132959,  200.5,  17.0,
0720201212, 052396, 122137,   23.7,  68.0,
0720201211, 052396, 122016,   44.6, 124.0,
0720201210, 052396, 121904,   74.0, 245.0,
0720201209, 052396, 121814,   84.7, 298.0,
0720201208, 052396, 121725,   93.1, 365.0,
0720201207, 052396, 121624,  104.0, 351.0,
0720201205, 052396, 121330,  124.4, 250.0,
0720201204, 052396, 121204,  149.4, 153.0,
0720201203, 052396, 121036,  174.9,  69.0,
0730201512, 062796, 100038,    4.7,  69.0,
0730201511, 062796, 095916,   25.0,  55.0,
0730201510, 062796, 095734,   44.5,  86.0,
0730201509, 062796, 095532,   74.6, 195.0,
0730201508, 062796, 095354,   99.6, 309.0,
0730201507, 062796, 095158,  124.7, 297.0,
0730201506, 062796, 095030,  150.1, 231.0,
0730201505, 062796, 094834,  174.9,  71.0,
0740201611, 072896, 132207,    4.1,  80.0,
0740201610, 072896, 132057,   23.8,  82.0,
0740201609, 072896, 131835,   43.5,  87.0,
0740201607, 072896, 131649,   73.5, 176.0,
0740201606, 072896, 131451,   98.9, 264.0,
0740201605, 072896, 131325,  124.5, 160.0,
0740201604, 072896, 131117,  149.7,  94.0,
0740201603, 072896, 131005,  174.2,  50.0,
0750201522, 082296, 134220,    4.5,  69.0,
0750201520, 082296, 134112,   23.9,  89.0,
0750201518, 082296, 134000,   43.5, 100.0,
0750201516, 082296, 133844,   74.6, 166.0,
0750201515, 082296, 133740,   99.1, 232.0,
0750201514, 082296, 133634,  114.8, 350.0,
0750201513, 082296, 133550,  119.5, 419.0,
0750201512, 082296, 133500,  124.4, 375.0,
0750201511, 082296, 133408,  128.8, 322.0,
0750201510, 082296, 133330,  133.9, 317.0,
0750201509, 082296, 133234,  150.4, 127.0,
0750201508, 082296, 133122,  174.4,  88.0,
0760201512, 100396, 095127,    4.4,  75.0,
0760201511, 100396, 095017,   23.9,  80.0,
0760201510, 100396, 094909,   44.9, 107.0,
0760201509, 100396, 094753,   73.8, 215.0,
0760201508, 100396, 094635,   98.5, 256.0,
0760201507, 100396, 094525,  123.5,  85.0,
0760201506, 100396, 094407,  149.6,  36.0,
0760201505, 100396, 094251,  174.3,  20.0,
0770201312, 103196, 095035,    4.9,  75.0,
0770201311, 103196, 094914,   24.1,  73.0,
0770201310, 103196, 094749,   43.7,  75.0,
0770201309, 103196, 094619,   74.5, 161.0,
0770201308, 103196, 094445,  100.3, 289.0,
0770201307, 103196, 094309,  124.4, 199.0,
0770201306, 103196, 094129,  150.5,  63.0,
0770201305, 103196, 093955,  175.0,  19.0,
0770201304, 103196, 093707,  251.4,   1.0,
0770201303, 103196, 093139,  500.1,   0.0,
0770201302, 103196, 092610,  750.7,   0.0,
0770201301, 103196, 092015, 1020.8,   0.0,
0780201411, 121296, 090056,    5.2, 138.0,
0780201410, 121296, 085928,   24.8, 154.0,
0780201409, 121296, 085744,   44.2, 149.0,
0780201408, 121296, 085558,   74.2,  93.0,
0780201407, 121296, 085350,  100.3, 346.0,
0780201406, 121296, 085246,  109.9, 306.0,
0780201405, 121296, 085126,  124.1, 152.0,
0780201404, 121296, 084936,  149.5,  60.0,
0780201403, 121296, 084742,  175.4,  20.0,
0790201419, 010997, 082848,    5.3,  82.0,
0790201417, 010997, 082643,   25.1,  92.0,
0790201416, 010997, 082640,   25.2,  75.0,
0790201414, 010997, 082408,   44.4,  77.0,
0790201412, 010997, 082056,   74.8, 211.0,
0790201409, 010997, 081714,   99.9, 280.0,
0790201408, 010997, 081610,  109.6, 225.0,
0790201406, 010997, 081332,  125.1, 101.0,
0790201404, 010997, 081056,  149.9,  53.0,
0790201403, 010997, 080904,  176.3,  11.0,
0800201511, 021997, 101424,    4.5,  87.0,
0800201510, 021997, 101302,   24.5,  88.0,
0800201509, 021997, 101116,   45.1,  79.0,
0800201508, 021997, 100936,   74.2, 121.0,
0800201507, 021997, 100800,  100.0, 232.0,
0800201506, 021997, 100642,  115.0, 273.0,
0800201505, 021997, 100534,  124.4, 228.0,
0800201504, 021997, 100416,  134.8, 123.0,
0800201503, 021997, 100310,  148.9,  94.0,
0800201502, 021997, 100152,  175.5,  59.0,
0810201424, 031397, 071032,    4.7,  82.0,
0810201422, 031397, 070802,   24.7, 100.0,
0810201420, 031397, 070516,   44.6, 107.0,
0810201418, 031397, 070226,   75.0, 134.0,
0810201417, 031397, 070122,   79.9, 140.0,
0810201415, 031397, 065804,  114.4, 332.0,
0810201413, 031397, 065702,  119.0, 362.0,
0810201412, 031397, 065608,  124.3, 275.0,
0810201410, 031397, 065322,  149.5, 130.0,
0810201409, 031397, 065146,  175.2,  69.0,
0820201417, 041097, 070009,    5.4,  84.0,
0820201415, 041097, 065741,   25.7,  65.0,
0820201414, 041097, 065740,   25.6,  66.0,
0820201412, 041097, 065531,   46.5,  76.0,
0820201410, 041097, 065239,   75.3, 133.0,
0820201408, 041097, 065007,   99.2, 439.0,
0820201406, 041097, 064747,  124.5, 236.0,
0820201404, 041097, 064517,  150.3,  95.0,
0820201403, 041097, 064345,  176.2,  20.0,
0830201424, 050897, 071009,    5.8,  73.0,
0830201420, 050897, 070651,   45.1,  98.0,
0830201418, 050897, 070509,   73.8, 161.0,
0830201416, 050897, 070335,  100.0, 282.0,
0830201410, 050897, 070041,  129.5, 322.0,
0830201408, 050897, 065827,  149.4, 165.0,
0830201407, 050897, 065713,  174.9,  43.0,
0840201424, 060597, 070148,    4.8,  50.0,
0840201422, 060597, 065954,   25.0,  65.0,
0840201421, 060597, 065936,   24.8,  64.0,
0840201419, 060597, 065624,   44.9,  80.0,
0840201417, 060597, 065520,   74.4, 106.0,
0840201414, 060597, 065254,  100.1, 201.0,
0840201412, 060597, 065038,  124.2, 312.0,
0840201405, 060597, 064748,  140.4, 205.0,
0840201404, 060597, 064648,  149.9,  78.0,
0840201403, 060597, 064520,  175.0,  10.0,
0850201423, 071097, 070906,    3.8,  89.0,
0850201421, 071097, 070540,   24.7,  75.0,
0850201420, 071097, 070526,   24.7,  84.0,
0850201418, 071097, 070222,   44.8,  97.0,
0850201416, 071097, 065944,   74.3, 106.0,
0850201414, 071097, 065702,  101.1, 225.0,
0850201412, 071097, 065420,  124.4, 311.0,
0850201406, 071097, 065102,  139.4, 231.0,
0850201405, 071097, 064948,  149.4, 164.0,
0850201404, 071097, 064808,  173.8,  67.0,
0860201022, 080397, 080348,    4.8,  66.0,
0860201019, 080397, 080100,   23.3,  63.0,
0860201018, 080397, 080048,   23.4,  70.0,
0860201016, 080397, 075616,   45.0,  71.0,
0860201014, 080397, 075354,   74.7, 132.0,
0860201012, 080397, 075119,   99.5, 215.0,
0860201011, 080397, 074938,  120.6, 262.0,
0860201005, 080397, 074746,  123.8, 232.0,
0860201004, 080397, 074620,  149.4,  68.0,
0860201003, 080397, 074428,  173.8,  31.0,
0870200321, 092597, 120402,    5.1,  76.0,
0870200318, 092597, 120140,   24.6,  71.0,
0870200317, 092597, 120128,   24.6,  69.0,
0870200315, 092597, 115938,   44.3,  66.0,
0870200313, 092597, 115730,   74.8, 135.0,
0870200310, 092597, 115504,   98.9, 188.0,
0870200308, 092597, 115312,  125.0, 288.0,
0870200307, 092597, 115216,  135.0, 267.0,
0870200305, 092597, 115028,  149.7, 136.0,
0870200303, 092597, 114812,  174.1,  55.0,
0880200316, 120597, 075422,    4.2, 173.0,
0880200315, 120597, 075256,   24.4, 187.0,
0880200314, 120597, 075138,   45.2, 180.0,
0880200312, 120597, 074926,   74.4, 179.0,
0880200311, 120597, 074810,   99.1, 182.0,
0880200310, 120597, 074650,  124.6, 337.0,
0880200309, 120597, 074534,  149.6, 148.0,
0880200308, 120597, 074412,  174.5,  72.0,
0890201414, 011298, 065527,    4.4,  74.0,
0890201413, 011298, 065401,   23.6,  77.0,
0890201412, 011298, 065351,   23.5,  78.0,
0890201411, 011298, 065221,   44.3, 138.0,
0890201410, 011298, 065107,   59.8, 165.0,
0890201409, 011298, 064945,   74.9, 183.0,
0890201408, 011298, 064837,   88.3, 190.0,
0890201407, 011298, 064731,  100.3, 223.0,
0890201405, 011298, 064605,  119.2, 252.0,
0890201404, 011298, 064445,  147.5,  99.0,
0890201403, 011298, 064301,  175.7,  27.0,
0900201419, 022098, 085901,    4.3,  82.0,
0900201417, 022098, 085633,   24.8,  83.0,
0900201416, 022098, 085627,   24.8,  56.0,
0900201414, 022098, 085407,   43.7,  96.0,
0900201412, 022098, 085151,   73.2, 166.0,
0900201409, 022098, 084917,   98.5, 233.0,
0900201407, 022098, 084753,  119.5, 285.0,
0900201406, 022098, 084651,  122.9, 283.0,
0900201404, 022098, 084427,  150.1,  95.0,
0900201403, 022098, 084253,  173.4,  56.0,
0910201218, 031998, 065853,    4.4,  67.0,
0910201216, 031998, 065639,   24.6,  81.0,
0910201215, 031998, 065633,   24.5,  75.0,
0910201213, 031998, 065407,   44.5, 108.0,
0910201211, 031998, 065129,   74.5, 194.0,
0910201208, 031998, 064859,   99.3, 324.0,
0910201206, 031998, 064639,  124.4, 173.0,
0910201204, 031998, 064423,  150.3, 112.0,
0910201203, 031998, 064303,  174.4,  67.0,
0920201310, 041698, 070249,    4.9, 111.0,
0920201309, 041698, 070121,   24.3, 111.0,
0920201308, 041698, 070003,   44.9, 121.0,
0920201307, 041698, 065835,   73.7, 147.0,
0920201306, 041698, 065649,   99.5, 165.0,
0920201305, 041698, 065519,  126.5, 273.0,
0920201304, 041698, 065403,  151.6, 145.0,
0920201303, 041698, 065233,  178.3,  89.0,
0930201413, 051498, 095247,    4.6,  71.0,
0930201411, 051498, 095120,   24.8,  82.0,
0930201410, 051498, 095110,   24.7,  76.0,
0930201409, 051498, 094958,   44.2,  88.0,
0930201408, 051498, 094834,   74.6, 106.0,
0930201407, 051498, 094712,  101.1, 173.0,
0930201406, 051498, 094553,  125.9, 337.0,
0930201405, 051498, 094439,  149.4, 197.0,
0930201404, 051498, 094312,  176.5, 120.0,
0930201403, 051498, 094142,  204.8,  72.0,
0940201112, 061898, 075255,    5.4,  61.0,
0940201111, 061898, 075125,   25.2,  76.0,
0940201110, 061898, 075119,   25.2,  67.0,
0940201109, 061898, 074940,   45.2,  89.0,
0940201108, 061898, 074755,   75.1, 143.0,
0940201107, 061898, 074610,   99.6, 216.0,
0940201106, 061898, 074430,  126.2, 301.0,
0940201105, 061898, 074319,  133.0, 264.0,
0940201104, 061898, 074150,  152.0, 105.0,
0940201103, 061898, 074014,  175.7,  31.0,
0950201120, 071698, 080007,    4.6,  77.0,
0950201118, 071698, 075825,   24.5,  95.0,
0950201117, 071698, 075814,   24.5,  88.0,
0950201115, 071698, 075634,   45.0, 109.0,
0950201113, 071698, 075434,   75.2, 154.0,
0950201111, 071698, 075243,   99.0, 196.0,
0950201109, 071698, 075046,  124.8, 323.0,
0950201107, 071698, 074930,  130.1, 314.0,
0950201105, 071698, 074746,  149.6, 164.0,
0950201103, 071698, 074551,  175.5,  81.0,
0960201223, 081198, 111112,    6.6, 110.0,
0960201222, 081198, 110950,   15.5, 105.0,
0960201220, 081198, 110827,   25.6, 136.0,
0960201219, 081198, 110820,   25.7, 153.0,
0960201218, 081198, 110705,   35.8, 163.0,
0960201216, 081198, 110545,   46.2, 135.0,
0960201214, 081198, 110346,   76.8, 207.0,
0960201212, 081198, 110201,   90.3, 241.0,
0960201210, 081198, 110036,   99.8, 233.0,
0960201208, 081198, 105851,  124.1, 109.0,
0960201206, 081198, 105706,  153.1,  54.0,
0960201204, 081198, 105521,  176.4,  21.0,
0970201119, 092998, 075623,    4.9,  57.0,
0970201117, 092998, 075448,   25.5,  60.0,
0970201115, 092998, 075318,   45.5,  65.0,
0970201113, 092998, 075132,   75.4, 146.0,
0970201111, 092998, 074957,  100.5, 237.0,
0970201109, 092998, 074847,  110.6, 261.0,
0970201107, 092998, 074722,  125.6, 326.0,
0970201105, 092998, 074547,  150.7, 125.0,
0970201103, 092998, 074412,  175.7,  43.0,
0980201420, 102098, 075752,    5.2,  63.0,
0980201418, 102098, 075614,   24.9,  67.0,
0980201417, 102098, 075602,   25.0,  64.0,
0980201415, 102098, 075354,   45.7,  69.0,
0980201413, 102098, 075211,   75.4, 163.0,
0980201411, 102098, 075041,  100.9, 271.0,
0980201409, 102098, 074916,  114.9, 264.0,
0980201407, 102098, 074801,  125.4, 246.0,
0980201405, 102098, 074631,  150.2, 155.0,
0980201403, 102098, 074455,  175.3,  86.0,
0990201418, 111298, 065641,    5.5,  85.0,
0990201416, 111298, 065456,   25.6,  93.0,
0990201415, 111298, 065446,   25.6,  86.0,
0990201413, 111298, 065257,   45.9, 125.0,
0990201411, 111298, 065059,   75.7, 266.0,
0990201410, 111298, 064917,  100.7, 238.0,
0990201407, 111298, 064708,  125.3, 109.0,
0990201405, 111298, 064520,  148.5,  44.0,
0990201403, 111298, 064316,  176.5,  23.0,
1000201213, 121598, 064204,    6.0, 117.0,
1000201211, 121598, 063933,   26.1, 138.0,
1000201210, 121598, 063800,   46.0, 143.0,
1000201209, 121598, 063611,   75.8, 183.0,
1000201208, 121598, 063425,  100.4, 201.0,
1000201207, 121598, 063250,  120.9, 178.0,
1000201205, 121598, 062956,  151.0,  31.0,
1000201204, 121598, 062811,  176.8,  14.0,