Hawaii Ocean Time-series : 18-Mar-2024 23:31:21
https://hahana.soest.hawaii.edu/hot/hot-dogs/bextraction.html

botid, date, time, press, hplc, 
#, mmddyy, hhmmss, dbar, ng/l, 
1560201423, 022604, 070154,    4.1,  90.0,
1560201421, 022604, 070038,   23.9,  98.0,
1560201419, 022604, 065919,   44.3, 128.0,
1560201416, 022604, 065713,   74.2, 195.0,
1560201414, 022604, 065609,   84.6, 222.0,
1560201413, 022604, 065504,   99.7, 273.0,
1560201411, 022604, 065343,  114.1, 317.0,
1560201410, 022604, 065238,  123.6, 304.0,
1560201408, 022604, 065019,  134.7, 319.0,
1560201406, 022604, 064504,  151.5, 242.0,
1560201404, 022604, 064333,  178.1, 101.0,
1570201323, 032104, 051634,    4.6,  76.0,
1570201319, 032104, 051305,   24.5, 119.0,
1570201317, 032104, 051110,   44.5, 115.0,
1570201316, 032104, 050914,   58.3, 116.0,
1570201315, 032104, 050740,   74.5, 126.0,
1570201314, 032104, 050620,   85.1, 154.0,
1570201313, 032104, 050439,   98.1, 180.0,
1570201312, 032104, 050315,  115.4, 237.0,
1570201310, 032104, 050134,  123.6, 279.0,
1570201309, 032104, 050015,  133.6, 251.0,
1570201303, 032104, 045404,  176.0, 105.0,
1580201421, 042204, 064313,    4.4,  87.0,
1580201419, 042204, 064045,   24.1,  91.0,
1580201417, 042204, 063844,   44.4,  90.0,
1580201416, 042204, 063703,   59.2,  97.0,
1580201414, 042204, 063504,   74.1, 148.0,
1580201413, 042204, 063325,   84.6, 198.0,
1580201411, 042204, 063134,   99.4, 283.0,
1580201410, 042204, 062944,  114.9, 383.0,
1580201408, 042204, 062744,  124.5, 356.0,
1580201407, 042204, 062614,  133.7, 359.0,
1580201405, 042204, 062404,  148.5, 255.0,
1580201403, 042204, 062144,  174.0, 119.0,
1590201421, 052004, 065509,    3.8,  67.0,
1590201419, 052004, 065324,   24.4,  83.0,
1590201417, 052004, 065135,   43.6, 105.0,
1590201416, 052004, 065005,   58.8, 141.0,
1590201414, 052004, 064834,   74.0, 173.0,
1590201413, 052004, 064719,   83.7, 231.0,
1590201411, 052004, 064554,   99.0, 298.0,
1590201410, 052004, 064435,  113.6, 431.0,
1590201408, 052004, 064315,  123.7, 385.0,
1590201407, 052004, 064154,  134.2, 277.0,
1590201405, 052004, 064025,  148.7, 229.0,
1590201403, 052004, 063845,  173.5,  90.0,
1600201521, 061704, 065458,    4.5, 104.0,
1600201519, 061704, 065323,   24.1,  81.0,
1600201517, 061704, 065143,   43.5, 131.0,
1600201516, 061704, 065038,   58.8, 140.0,
1600201514, 061704, 064913,   72.8, 176.0,
1600201513, 061704, 064753,   83.9, 221.0,
1600201511, 061704, 064623,   98.8, 265.0,
1600201510, 061704, 064514,  114.2, 379.0,
1600201508, 061704, 064413,  123.9, 345.0,
1600201507, 061704, 064314,  133.7, 232.0,
1600201505, 061704, 064133,  149.0,  89.0,
1600201503, 061704, 063944,  174.6,  51.0,
1610200321, 071404, 002502,    4.9,  89.0,
1610200319, 071404, 002333,   25.1, 110.0,
1610200316, 071404, 002147,   43.4, 106.0,
1610200315, 071404, 002038,   60.0, 122.0,
1610200313, 071404, 001923,   74.3, 157.0,
1610200312, 071404, 001814,   84.5, 175.0,
1610200310, 071404, 001653,   99.6, 273.0,
1610200309, 071404, 001548,  114.4, 332.0,
1610200307, 071404, 001442,  124.9, 350.0,
1610200306, 071404, 001347,  135.5, 341.0,
1610200304, 071404, 001232,  149.7, 213.0,
1610200302, 071404, 001102,  174.8,  73.0,
1620201021, 081704, 064943,    5.0,  94.0,
1620201019, 081704, 064818,   25.1,  81.0,
1620201017, 081704, 064653,   45.9, 122.0,
1620201016, 081704, 064643,   45.9, 110.0,
1620201014, 081704, 064453,   74.7, 175.0,
1620201013, 081704, 064443,   74.7, 178.0,
1620201011, 081704, 064259,  100.6, 265.0,
1620201010, 081704, 064249,  100.4, 276.0,
1620201008, 081704, 063909,  123.5, 294.0,
1620201007, 081704, 063810,  134.4, 232.0,
1620201005, 081704, 063654,  149.7, 142.0,
1620201003, 081704, 063539,  175.5,  86.0,
1630201521, 093004, 065401,    4.6,  47.0,
1630201519, 093004, 065219,   24.5,  46.0,
1630201517, 093004, 064951,   44.4,  71.0,
1630201516, 093004, 064841,   60.8, 103.0,
1630201514, 093004, 064731,   74.1, 173.0,
1630201513, 093004, 064627,   85.6, 247.0,
1630201511, 093004, 064511,  100.3, 336.0,
1630201510, 093004, 064406,  114.5, 334.0,
1630201508, 093004, 064241,  124.4, 293.0,
1630201507, 093004, 064141,  135.6, 188.0,
1630201505, 093004, 063941,  150.5, 103.0,
1630201503, 093004, 063811,  175.2,  48.0,
1640201421, 110104, 065554,    4.8, 140.0,
1640201419, 110104, 065433,   25.9, 155.0,
1640201417, 110104, 065239,   44.3, 192.0,
1640201416, 110104, 065130,   59.5, 222.0,
1640201414, 110104, 065009,   74.5, 253.0,
1640201413, 110104, 064904,   85.9, 288.0,
1640201411, 110104, 064714,  100.8, 332.0,
1640201410, 110104, 064534,  113.7, 245.0,
1640201408, 110104, 064344,  123.9, 198.0,
1640201407, 110104, 064229,  134.5, 177.0,
1640201405, 110104, 064034,  150.5,  86.0,
1640201403, 110104, 063814,  176.4,  30.0,
1650200722, 112804, 065435,    5.0,  78.0,
1650200720, 112804, 065300,   24.7,  75.0,
1650200718, 112804, 065130,   45.0,  99.0,
1650200717, 112804, 065020,   59.4, 145.0,
1650200715, 112804, 064850,   75.0, 296.0,
1650200714, 112804, 064749,   84.8, 416.0,
1650200711, 112804, 064535,   99.3, 362.0,
1650200710, 112804, 064420,  115.0, 210.0,
1650200709, 112804, 064305,  124.7, 177.0,
1650200708, 112804, 064255,  124.8, 173.0,
1650200707, 112804, 064150,  135.2, 140.0,
1650200705, 112804, 064025,  150.0, 104.0,
1650200703, 112804, 063835,  174.3,  28.0,
1660200821, 122104, 070806,    4.9, 185.0,
1660200819, 122104, 070606,   25.0, 178.0,
1660200817, 122104, 070358,   45.1, 177.0,
1660200816, 122104, 070212,   59.7, 176.0,
1660200814, 122104, 070021,   74.7, 196.0,
1660200813, 122104, 065853,   85.3, 449.0,
1660200811, 122104, 065659,  100.5, 308.0,
1660200810, 122104, 065514,  116.5, 174.0,
1660200808, 122104, 065337,  124.3,  98.0,
1660200807, 122104, 065154,  134.5,  58.0,
1660200805, 122104, 064952,  149.2,  21.0,
1660200803, 122104, 064735,  176.7,   8.0,
1670200721, 020205, 070122,    4.0, 141.0,
1670200719, 020205, 065936,   24.7, 143.0,
1670200717, 020205, 065754,   45.4, 149.0,
1670200716, 020205, 065640,   60.5, 155.0,
1670200714, 020205, 065502,   75.6, 250.0,
1670200713, 020205, 065351,   84.9, 313.0,
1670200711, 020205, 065209,  100.0, 280.0,
1670200710, 020205, 065035,  116.3, 130.0,
1670200708, 020205, 064907,  125.7, 140.0,
1670200707, 020205, 064727,  135.8, 114.0,
1670200705, 020205, 064548,  151.1,  45.0,
1670200703, 020205, 064357,  175.5,  12.0,
1680200721, 030505, 071340,    5.3,  79.0,
1680200719, 030505, 071157,   25.2,  82.0,
1680200717, 030505, 070953,   44.7,  98.0,
1680200716, 030505, 070803,   59.7, 109.0,
1680200714, 030505, 070601,   74.5, 217.0,
1680200713, 030505, 070450,   84.9, 331.0,
1680200711, 030505, 070234,   99.8, 250.0,
1680200710, 030505, 070051,  115.1, 186.0,
1680200708, 030505, 065909,  124.5, 158.0,
1680200707, 030505, 065636,  135.2, 106.0,
1680200705, 030505, 065451,  149.7,  32.0,
1680200703, 030505, 065255,  174.4,  21.0,
1690201221, 051905, 072953,    7.6,  65.0,
1690201219, 051905, 072546,   24.8,  72.0,
1690201217, 051905, 072338,   44.4,  86.0,
1690201216, 051905, 072148,   59.9, 110.0,
1690201214, 051905, 072002,   75.2, 147.0,
1690201213, 051905, 071841,   84.2, 166.0,
1690201211, 051905, 071638,  100.9, 214.0,
1690201210, 051905, 071444,  113.8, 297.0,
1690201208, 051905, 071306,  125.5, 329.0,
1690201207, 051905, 071122,  134.6, 329.0,
1690201205, 051905, 070936,  150.0, 211.0,
1690201203, 051905, 070726,  174.8, 128.0,
1700200721, 061505, 070950,    6.8,  74.0,
1700200719, 061505, 070544,   25.3,  79.0,
1700200717, 061505, 070323,   45.6, 105.0,
1700200716, 061505, 070145,   60.4, 108.0,
1700200714, 061505, 065951,   74.6, 135.0,
1700200713, 061505, 065832,   84.7, 163.0,
1700200711, 061505, 065619,  100.3, 238.0,
1700200710, 061505, 065502,  114.6, 475.0,
1700200708, 061505, 065327,  124.7, 443.0,
1700200707, 061505, 065209,  135.2, 306.0,
1700200705, 061505, 065010,  150.2, 156.0,
1700200703, 061505, 064812,  175.3,  32.0,
1710200821, 071705, 071206,    5.0,  65.0,
1710200819, 071705, 070951,   25.3,  72.0,
1710200817, 071705, 070815,   44.8,  95.0,
1710200816, 071705, 070701,   59.6, 128.0,
1710200814, 071705, 070521,   75.1, 175.0,
1710200813, 071705, 070400,   85.4, 202.0,
1710200811, 071705, 070221,   99.6, 258.0,
1710200810, 071705, 070020,  115.2, 290.0,
1710200808, 071705, 065836,  124.8, 305.0,
1710200807, 071705, 065710,  134.4, 273.0,
1710200805, 071705, 065536,  150.1, 177.0,
1710200803, 071705, 065320,  175.1,  92.0,
1720200721, 081405, 065607,    5.0,  66.0,
1720200719, 081405, 065429,   25.3,  71.0,
1720200717, 081405, 065231,   44.4,  90.0,
1720200716, 081405, 065058,   61.1, 121.0,
1720200714, 081405, 064932,   74.8, 166.0,
1720200713, 081405, 064819,   84.8, 238.0,
1720200711, 081405, 064657,   99.7, 309.0,
1720200710, 081405, 064536,  115.3, 358.0,
1720200708, 081405, 064422,  124.8, 329.0,
1720200707, 081405, 064306,  134.9, 299.0,
1720200705, 081405, 064141,  151.5, 219.0,
1720200703, 081405, 063933,  178.9, 107.0,
1730200722, 091005, 070916,    7.2,  96.0,
1730200720, 091005, 070630,   24.6, 120.0,
1730200719, 091005, 070432,   34.1, 141.0,
1730200717, 091005, 070307,   44.0, 278.0,
1730200716, 091005, 070115,   59.2, 315.0,
1730200714, 091005, 065926,   74.6, 379.0,
1730200713, 091005, 065727,   84.7, 286.0,
1730200711, 091005, 065513,   99.9, 275.0,
1730200710, 091005, 065300,  114.8, 170.0,
1730200708, 091005, 065113,  123.0, 162.0,
1730200707, 091005, 064947,  134.9, 127.0,
1730200705, 091005, 064751,  150.2, 108.0,
1730200703, 091005, 064537,  174.3,  77.0,
1740200724, 100805, 081552,    8.3, 121.0,
1740200723, 100805, 081236,   26.3,  94.0,
1740200719, 100805, 080948,   44.2, 108.0,
1740200718, 100805, 080749,   60.7, 117.0,
1740200717, 100805, 080621,   74.8, 107.0,
1740200716, 100805, 080457,   85.9, 115.0,
1740200714, 100805, 080207,  115.5, 376.0,
1740200713, 100805, 080052,  125.6, 297.0,
1740200712, 100805, 075928,  135.5, 219.0,
1740200711, 100805, 075744,  151.6, 138.0,
1740200710, 100805, 075608,  175.9,  31.0,
1750200822, 111205, 081410,    4.5,  97.0,
1750200820, 111205, 081124,   23.9, 113.0,
1750200818, 111205, 080908,   42.9, 104.0,
1750200817, 111205, 080746,   58.6, 134.0,
1750200815, 111205, 080610,   72.9, 213.0,
1750200814, 111205, 080449,   83.1, 295.0,
1750200811, 111205, 080300,   96.5, 370.0,
1750200810, 111205, 080136,  113.8, 278.0,
1750200808, 111205, 080007,  123.1, 227.0,
1750200807, 111205, 075830,  132.8,  85.0,
1750200805, 111205, 075640,  147.8,  65.0,
1750200803, 111205, 075445,  173.3,  32.0,
1760200721, 121305, 070005,    5.2,  94.0,
1760200719, 121305, 065826,   25.3,  94.0,
1760200717, 121305, 065616,   44.6, 117.0,
1760200716, 121305, 065424,   60.0, 160.0,
1760200714, 121305, 065249,   75.1, 197.0,
1760200713, 121305, 065135,   84.8, 274.0,
1760200711, 121305, 065005,   99.9, 316.0,
1760200710, 121305, 064840,  115.6, 244.0,
1760200708, 121305, 064718,  125.1, 197.0,
1760200707, 121305, 064601,  136.4, 110.0,
1760200705, 121305, 064430,  151.0,  55.0,
1760200703, 121305, 064215,  175.9,  41.0,
1770201021, 012606, 101657,    8.3, 148.0,
1770201019, 012606, 101342,   25.6, 155.0,
1770201017, 012606, 101202,   45.0, 165.0,
1770201016, 012606, 101052,   59.9, 175.0,
1770201014, 012606, 100926,   76.0, 159.0,
1770201013, 012606, 100821,   85.6, 163.0,
1770201011, 012606, 100653,   99.7, 184.0,
1770201010, 012606, 100536,  114.4, 202.0,
1770201008, 012606, 100421,  127.0, 182.0,
1770201007, 012606, 100307,  135.4, 161.0,
1770201005, 012606, 100134,  151.5, 119.0,
1770201003, 012606, 095941,  175.9,  61.0,
1780200723, 021506, 065547,    7.5, 127.0,
1780200721, 021506, 065321,   24.1, 126.0,
1780200719, 021506, 065137,   46.9, 128.0,
1780200716, 021506, 064851,   75.3, 128.0,
1780200715, 021506, 064711,   84.4, 124.0,
1780200713, 021506, 064512,  100.5, 165.0,
1780200712, 021506, 064352,  112.9, 245.0,
1780200710, 021506, 064226,  124.3, 155.0,
1780200709, 021506, 064112,  137.0, 135.0,
1780200707, 021506, 063941,  149.9,  87.0,
1780200705, 021506, 063758,  175.0,  12.0,
1790201021, 031006, 073725,   10.6,  93.0,
1790201019, 031006, 073525,   25.6,  87.0,
1790201017, 031006, 073315,   46.8, 135.0,
1790201016, 031006, 073045,   61.7, 143.0,
1790201014, 031006, 072900,   75.9, 134.0,
1790201013, 031006, 072741,   86.0, 155.0,
1790201011, 031006, 072601,  102.4, 215.0,
1790201010, 031006, 072435,  115.8, 258.0,
1790201008, 031006, 072315,  124.7, 284.0,
1790201007, 031006, 072135,  136.7, 250.0,
1790201005, 031006, 071945,  151.9, 134.0,
1790201003, 031006, 071731,  172.2,  45.0,
1800200721, 040206, 074536,   10.3, 100.0,
1800200719, 040206, 074250,   25.5, 105.0,
1800200717, 040206, 074101,   43.1, 122.0,
1800200716, 040206, 073942,   60.7, 154.0,
1800200714, 040206, 073756,   75.9, 228.0,
1800200713, 040206, 073649,   85.6, 270.0,
1800200711, 040206, 073512,  101.9, 293.0,
1800200710, 040206, 073336,  114.4, 320.0,
1800200708, 040206, 073201,  126.7, 177.0,
1800200707, 040206, 073041,  132.6, 164.0,
1800200705, 040206, 072911,  150.2, 123.0,
1800200703, 040206, 072731,  169.6,  59.0,
1810200821, 052706, 071726,    8.1,  58.0,
1810200819, 052706, 071522,   25.0,  60.0,
1810200817, 052706, 071321,   45.0,  78.0,
1810200816, 052706, 071200,   59.8,  99.0,
1810200814, 052706, 071034,   74.3, 124.0,
1810200813, 052706, 070910,   85.7, 286.0,
1810200811, 052706, 070723,  101.1, 231.0,
1810200810, 052706, 070545,  114.2, 292.0,
1810200808, 052706, 070420,  124.7, 242.0,
1810200807, 052706, 070226,  134.8, 180.0,
1810200805, 052706, 070010,  150.2, 110.0,
1810200803, 052706, 065726,  175.8,  71.0,
1810201511, 052806, 035714,   95.6, 446.0,
1820200721, 061406, 070830,    8.1,  56.0,
1820200719, 061406, 070605,   24.9,  59.0,
1820200717, 061406, 070422,   45.6,  85.0,
1820200716, 061406, 070225,   59.3,  96.0,
1820200714, 061406, 070036,   74.6, 119.0,
1820200713, 061406, 065908,   85.0, 148.0,
1820200711, 061406, 065710,  100.8, 201.0,
1820200710, 061406, 065524,  115.1, 286.0,
1820200708, 061406, 065341,  125.1, 231.0,
1820200707, 061406, 065200,  135.3, 254.0,
1820200705, 061406, 064951,  149.5, 110.0,
1820200703, 061406, 064730,  175.4,  53.0,
1830200821, 071306, 073259,    7.3,  62.0,
1830200819, 071306, 072958,   24.1,  52.0,
1830200817, 071306, 072756,   43.9,  86.0,
1830200816, 071306, 072613,   60.0, 182.0,
1830200814, 071306, 072356,   75.0, 238.0,
1830200813, 071306, 072221,   84.7, 268.0,
1830200811, 071306, 072041,   99.8, 307.0,
1830200810, 071306, 071847,  115.8, 276.0,
1830200808, 071306, 071716,  124.9, 209.0,
1830200807, 071306, 071546,  134.2, 169.0,
1830200805, 071306, 071406,  149.7,  84.0,
1830200803, 071306, 071215,  174.8,  56.0,
1840200821, 080906, 071710,    7.8,  62.0,
1840200819, 080906, 071359,   24.4,  62.0,
1840200817, 080906, 071150,   45.6, 182.0,
1840200816, 080906, 070959,   60.3, 264.0,
1840200814, 080906, 070700,   74.2, 367.0,
1840200813, 080906, 070515,   84.9, 282.0,
1840200811, 080906, 070310,  100.8, 217.0,
1840200810, 080906, 070126,  114.5, 181.0,
1840200808, 080906, 065911,  124.4, 142.0,
1840200807, 080906, 065716,  135.6,  82.0,
1840200805, 080906, 065400,  149.4,  62.0,
1840200803, 080906, 065125,  173.9,  43.0,
1850200721, 091606, 065426,    5.2,  61.0,
1850200719, 091606, 065254,   25.4,  73.0,
1850200717, 091606, 065117,   45.8,  96.0,
1850200716, 091606, 064946,   60.3, 123.0,
1850200714, 091606, 064821,   75.2, 159.0,
1850200713, 091606, 064644,   85.8, 182.0,
1850200711, 091606, 064508,  100.7, 208.0,
1850200710, 091606, 064345,  116.3, 265.0,
1850200708, 091606, 064204,  124.5, 199.0,
1850200707, 091606, 064034,  135.0, 121.0,
1850200705, 091606, 063905,  152.6,  60.0,
1850200703, 091606, 063654,  174.2,  20.0,
1860201621, 102106, 071217,    6.5,  77.0,
1860201619, 102106, 071027,   23.8,  86.0,
1860201617, 102106, 070813,   45.2, 116.0,
1860201616, 102106, 070607,   59.6, 147.0,
1860201614, 102106, 070407,   75.3, 174.0,
1860201613, 102106, 070123,   85.8, 194.0,
1860201611, 102106, 065937,   99.0, 283.0,
1860201610, 102106, 065743,  114.0, 286.0,
1860201608, 102106, 065528,  123.4, 228.0,
1860201607, 102106, 065353,  133.4, 187.0,
1860201605, 102106, 065157,  151.8,  83.0,
1860201603, 102106, 064859,  173.9,  30.0,
1870200721, 110906, 072742,    6.9,  77.0,
1870200719, 110906, 072437,   25.5,  71.0,
1870200717, 110906, 072232,   44.8,  97.0,
1870200716, 110906, 072108,   60.2, 124.0,
1870200714, 110906, 071937,   74.4, 215.0,
1870200713, 110906, 071817,   85.9, 255.0,
1870200711, 110906, 071642,  100.7, 323.0,
1870200710, 110906, 071517,  114.7, 223.0,
1870200708, 110906, 071353,  124.6, 180.0,
1870200707, 110906, 071222,  134.3, 125.0,
1870200705, 110906, 071042,  151.0,  62.0,
1870200703, 110906, 070822,  175.1,  21.0,
1880200721, 121006, 070907,    6.3, 112.0,
1880200719, 121006, 070637,   23.4, 116.0,
1880200717, 121006, 070454,   42.9, 121.0,
1880200716, 121006, 070342,   61.0, 116.0,
1880200714, 121006, 070224,   73.2, 122.0,
1880200713, 121006, 070054,   86.7, 128.0,
1880200711, 121006, 065932,   99.9, 259.0,
1880200710, 121006, 065757,  114.5, 261.0,
1880200708, 121006, 065620,  125.3, 238.0,
1880200707, 121006, 065449,  133.7, 192.0,
1880200705, 121006, 065323,  150.8,  98.0,
1880200703, 121006, 065109,  175.7,  47.0,
1890200821, 020707, 071319,    4.4, 119.0,
1890200819, 020707, 071140,   24.6, 118.0,
1890200817, 020707, 070935,   44.9, 112.0,
1890200816, 020707, 070709,   60.0, 114.0,
1890200814, 020707, 070534,   74.0, 123.0,
1890200813, 020707, 070410,   84.9, 140.0,
1890200811, 020707, 070134,   99.2, 138.0,
1890200810, 020707, 065919,  114.4, 297.0,
1890200808, 020707, 065740,  125.1, 239.0,
1890200807, 020707, 065604,  134.0, 203.0,
1890200805, 020707, 065355,  148.2,  81.0,
1890200803, 020707, 065119,  174.3,  24.0,
1900200821, 032107, 070049,    4.9,  76.0,
1900200819, 032107, 065824,   25.3,  75.0,
1900200817, 032107, 065651,   45.8,  89.0,
1900200816, 032107, 065537,   60.7,  75.0,
1900200814, 032107, 065408,   74.3,  95.0,
1900200813, 032107, 065254,   84.4,  91.0,
1900200811, 032107, 065117,  100.9, 137.0,
1900200810, 032107, 064906,  114.4, 322.0,
1900200808, 032107, 064712,  127.2, 325.0,
1900200807, 032107, 064528,  136.8, 239.0,
1900200805, 032107, 064338,  150.6, 128.0,
1900200803, 032107, 064138,  175.0,  88.0,
1910200824, 050507, 073238,    6.9,  73.0,
1910200820, 050507, 072848,   26.2,  78.0,
1910200818, 050507, 072719,   45.1, 103.0,
1910200816, 050507, 072557,   59.5, 124.0,
1910200815, 050507, 072421,   75.2, 142.0,
1910200813, 050507, 072256,   84.9, 175.0,
1910200812, 050507, 072132,   99.5, 231.0,
1910200810, 050507, 072007,  115.0, 312.0,
1910200809, 050507, 071857,  125.0, 320.0,
1910200807, 050507, 071722,  132.9, 309.0,
1910200806, 050507, 071522,  149.6, 145.0,
1910200804, 050507, 071333,  175.2,  82.0,
1930200521, 070807, 071504,    6.5,  63.0,
1930200519, 070807, 071049,   25.8,  58.0,
1930200517, 070807, 070805,   45.1,  65.0,
1930200516, 070807, 070620,   60.2,  81.0,
1930200514, 070807, 070420,   75.2, 122.0,
1930200513, 070807, 070249,   85.6, 164.0,
1930200511, 070807, 070049,  100.3, 193.0,
1930200510, 070807, 065910,  115.9, 354.0,
1930200508, 070807, 065710,  125.2, 251.0,
1930200507, 070807, 065549,  135.6, 146.0,
1930200505, 070807, 065410,  150.5,  45.0,
1930200503, 070807, 065200,  175.3,  34.0,
1940200722, 080407, 071915,    8.2,  76.0,
1940200720, 080407, 071533,   25.4,  73.0,
1940200717, 080407, 071235,   44.7,  85.0,
1940200716, 080407, 071109,   59.7,  93.0,
1940200714, 080407, 070928,   75.5, 143.0,
1940200713, 080407, 070755,   84.6, 192.0,
1940200711, 080407, 070615,  101.1, 291.0,
1940200710, 080407, 070440,  114.2, 240.0,
1940200708, 080407, 070311,  125.7, 230.0,
1940200707, 080407, 070150,  135.2, 221.0,
1940200705, 080407, 070006,  149.8, 145.0,
1940200703, 080407, 065811,  175.3,  81.0,
1950200721, 090307, 071246,    6.6,  72.0,
1950200719, 090307, 070910,   26.1,  73.0,
1950200717, 090307, 070712,   46.1,  92.0,
1950200716, 090307, 070531,   60.7, 112.0,
1950200714, 090307, 070351,   75.4, 162.0,
1950200713, 090307, 070221,   85.5, 164.0,
1950200711, 090307, 070036,  101.0, 204.0,
1950200710, 090307, 065851,  116.3, 215.0,
1950200708, 090307, 065720,  126.8, 288.0,
1950200707, 090307, 065611,  135.1, 316.0,
1950200705, 090307, 065451,  150.7, 146.0,
1950200703, 090307, 065301,  176.4,  78.0,
1960200721, 100307, 070518,    5.0,  92.0,
1960200719, 100307, 070254,   25.3,  91.0,
1960200717, 100307, 070037,   44.7,  95.0,
1960200716, 100307, 065907,   60.6,  87.0,
1960200714, 100307, 065642,   74.7, 138.0,
1960200713, 100307, 065508,   85.1, 222.0,
1960200711, 100307, 065248,  100.3, 356.0,
1960200710, 100307, 065104,  116.3, 276.0,
1960200708, 100307, 064858,  125.2, 234.0,
1960200707, 100307, 064728,  135.1, 189.0,
1960200705, 100307, 064518,  149.9, 123.0,
1960200703, 100307, 064258,  174.2,  31.0,
1970200721, 120207, 084311,    9.4, 107.0,
1970200719, 120207, 084000,   25.5, 105.0,
1970200717, 120207, 083807,   44.2, 113.0,
1970200716, 120207, 083631,   59.9, 160.0,
1970200714, 120207, 083447,   75.8, 234.0,
1970200713, 120207, 083329,   84.6, 323.0,
1970200711, 120207, 083136,   99.3, 282.0,
1970200710, 120207, 083001,  116.0, 166.0,
1970200708, 120207, 082819,  125.2, 130.0,
1970200707, 120207, 082641,  134.4,  51.0,
1970200705, 120207, 082443,  149.8,  35.0,
1970200703, 120207, 082156,  177.0,  21.0,
1980200821, 122107, 070205,    6.5, 140.0,
1980200819, 122107, 065803,   24.9, 137.0,
1980200817, 122107, 065617,   44.9, 144.0,
1980200816, 122107, 065501,   60.0, 172.0,
1980200814, 122107, 065334,   74.9, 236.0,
1980200813, 122107, 065222,   84.7, 246.0,
1980200811, 122107, 065104,  100.6, 254.0,
1980200810, 122107, 064952,  114.0, 257.0,
1980200808, 122107, 064838,  123.5, 185.0,
1980200807, 122107, 064719,  134.9, 115.0,
1980200805, 122107, 064550,  149.4,  86.0,
1980200803, 122107, 064407,  173.9,  27.0,
1990200721, 013008, 073231,    8.3, 207.0,
1990200719, 013008, 072736,   25.0, 207.0,
1990200717, 013008, 072538,   44.0, 215.0,
1990200716, 013008, 072419,   58.5, 216.0,
1990200714, 013008, 072221,   75.9, 212.0,
1990200713, 013008, 072024,   82.4, 220.0,
1990200711, 013008, 071822,   98.5, 214.0,
1990200710, 013008, 071631,  114.4, 221.0,
1990200708, 013008, 071457,  122.4, 236.0,
1990200707, 013008, 071302,  135.1, 252.0,
1990200705, 013008, 071125,  148.3, 133.0,
1990200703, 013008, 070902,  174.4,  48.0,
2000201521, 022508, 065903,    7.4,  90.0,
2000201519, 022508, 065544,   25.5,  94.0,
2000201517, 022508, 065348,   45.1, 106.0,
2000201516, 022508, 065228,   60.6, 129.0,
2000201514, 022508, 065103,   73.0, 141.0,
2000201513, 022508, 064924,   85.5,  97.0,
2000201511, 022508, 064739,   99.8, 170.0,
2000201510, 022508, 064625,  115.7, 314.0,
2000201508, 022508, 064459,  126.0, 381.0,
2000201507, 022508, 064343,  134.6, 334.0,
2000201505, 022508, 064208,  151.0, 148.0,
2000201503, 022508, 064023,  175.6, 102.0,
2010201521, 052908, 070639,    7.2,  64.0,
2010201519, 052908, 070338,   26.3,  65.0,
2010201517, 052908, 070153,   45.5, 105.0,
2010201516, 052908, 070019,   60.5, 113.0,
2010201514, 052908, 065849,   75.5, 187.0,
2010201513, 052908, 065723,   86.0, 271.0,
2010201511, 052908, 065539,  100.5, 317.0,
2010201510, 052908, 065414,  114.8, 317.0,
2010201508, 052908, 065248,  124.3, 279.0,
2010201507, 052908, 065134,  135.4, 268.0,
2010201505, 052908, 064939,  150.7, 220.0,
2010201503, 052908, 064705,  174.9, 118.0,
2020201523, 062708, 070354,    6.3,  76.0,
2020201520, 062708, 070014,   24.9,  84.0,
2020201518, 062708, 065839,   44.4, 105.0,
2020201517, 062708, 065729,   60.1, 134.0,
2020201515, 062708, 065554,   75.0, 139.0,
2020201514, 062708, 065444,   84.8, 170.0,
2020201512, 062708, 065319,  100.0, 254.0,
2020201511, 062708, 065150,  114.8, 290.0,
2020201508, 062708, 065020,  124.0, 250.0,
2020201507, 062708, 064859,  135.3, 310.0,
2020201505, 062708, 064730,  150.6, 210.0,
2020201503, 062708, 064544,  175.3,  97.0,
2030201622, 072808, 071230,    6.4,  64.0,
2030201620, 072808, 070912,   24.6,  79.0,
2030201618, 072808, 070641,   45.0,  97.0,
2030201617, 072808, 070458,   59.7, 120.0,
2030201615, 072808, 070223,   75.9, 160.0,
2030201614, 072808, 070053,   84.9, 234.0,
2030201612, 072808, 065907,  100.5, 295.0,
2030201610, 072808, 065612,  114.9, 274.0,
2030201608, 072808, 065414,  124.5, 232.0,
2030201607, 072808, 065243,  135.1, 194.0,
2030201605, 072808, 065053,  149.7, 116.0,
2030201603, 072808, 064843,  174.4,  54.0,
2040201521, 081808, 070415,    7.1, 112.0,
2040201519, 081808, 070126,   24.2, 103.0,
2040201517, 081808, 065945,   44.9, 127.0,
2040201516, 081808, 065830,   59.5, 155.0,
2040201514, 081808, 065710,   74.9, 200.0,
2040201513, 081808, 065555,   84.6, 245.0,
2040201511, 081808, 065430,  100.3, 332.0,
2040201510, 081808, 065325,  114.3, 339.0,
2040201508, 081808, 065210,  124.4, 303.0,
2040201507, 081808, 065110,  133.9, 280.0,
2040201505, 081808, 064955,  149.8, 192.0,
2040201503, 081808, 064815,  174.4,  85.0,
2050201523, 101208, 070834,    6.0, 123.0,
2050201520, 101208, 070459,   25.1, 101.0,
2050201518, 101208, 070309,   44.8, 151.0,
2050201517, 101208, 070144,   58.2, 254.0,
2050201515, 101208, 070000,   74.8, 333.0,
2050201514, 101208, 065840,   84.6, 342.0,
2050201511, 101208, 065539,  100.0, 289.0,
2050201510, 101208, 065354,  115.6, 192.0,
2050201508, 101208, 065144,  124.7, 133.0,
2050201507, 101208, 064954,  133.9, 104.0,
2050201505, 101208, 064804,  151.4,  45.0,
2050201503, 101208, 064535,  174.5,  14.0,
2060201422, 120208, 070346,    5.0, 107.0,
2060201419, 120208, 070046,   25.2, 132.0,
2060201417, 120208, 065856,   45.2, 172.0,
2060201416, 120208, 065722,   59.1, 196.0,
2060201414, 120208, 065531,   75.1, 242.0,
2060201413, 120208, 065407,   85.8, 315.0,
2060201411, 120208, 065222,  100.2, 350.0,
2060201410, 120208, 065056,  114.5, 288.0,
2060201408, 120208, 064921,  124.2, 173.0,
2060201407, 120208, 064756,  134.6, 134.0,
2060201405, 120208, 064616,  149.1,  59.0,
2060201403, 120208, 064436,  174.9,  21.0,
2080201421, 012209, 090325,    5.5, 119.0,
2080201419, 012209, 085915,   24.5, 114.0,
2080201417, 012209, 085655,   45.6, 126.0,
2080201416, 012209, 085420,   59.1, 123.0,
2080201414, 012209, 085220,   73.5, 125.0,
2080201413, 012209, 085020,   84.7, 155.0,
2080201411, 012209, 084810,  100.9, 245.0,
2080201408, 012209, 084355,  125.2, 180.0,
2080201407, 012209, 084215,  135.1, 142.0,
2080201405, 012209, 084016,  149.6,  47.0,
2080201403, 012209, 083755,  174.9,  20.0,
2090201523, 021909, 072915,    5.9, 111.0,
2090201520, 021909, 072445,   24.9,  94.0,
2090201518, 021909, 072225,   44.3, 141.0,
2090201517, 021909, 072016,   60.7, 147.0,
2090201515, 021909, 071812,   75.3, 153.0,
2090201514, 021909, 071626,   84.6, 221.0,
2090201512, 021909, 071410,  100.2, 305.0,
2090201511, 021909, 071211,  114.5, 201.0,
2090201508, 021909, 071022,  124.3, 153.0,
2090201507, 021909, 070847,  136.0, 118.0,
2090201505, 021909, 070647,  150.2,  80.0,
2090201503, 021909, 070427,  174.8,  34.0,
2100201522, 043009, 070206,    5.0,  70.0,
2100201520, 043009, 070027,   24.7,  46.0,
2100201518, 043009, 065856,   44.7,  82.0,
2100201517, 043009, 065736,   59.7,  81.0,
2100201515, 043009, 065626,   75.0,  89.0,
2100201514, 043009, 065526,   85.0, 100.0,
2100201512, 043009, 065406,   99.4, 157.0,
2100201511, 043009, 065256,  114.5, 277.0,
2100201508, 043009, 065057,  124.2, 302.0,
2100201507, 043009, 064936,  134.9, 245.0,
2100201505, 043009, 064807,  150.0, 172.0,
2100201503, 043009, 064616,  174.8,  97.0,
2110201521, 052909, 070755,    5.3,  76.0,
2110201519, 052909, 070604,   24.9,  70.0,
2110201517, 052909, 070424,   45.3,  98.0,
2110201516, 052909, 070305,   60.1, 139.0,
2110201514, 052909, 070134,   75.0, 151.0,
2110201513, 052909, 070016,   85.3, 182.0,
2110201511, 052909, 065844,  100.1, 234.0,
2110201510, 052909, 065714,  115.0, 331.0,
2110201508, 052909, 065544,  125.1, 315.0,
2110201507, 052909, 065424,  135.2, 241.0,
2110201505, 052909, 065245,  150.6, 263.0,
2110201503, 052909, 065025,  176.2, 136.0,
2120201623, 070509, 065801,    4.9,  54.0,
2120201621, 070509, 065431,   24.5,  59.0,
2120201619, 070509, 065311,   44.4,  94.0,
2120201618, 070509, 065211,   59.6, 121.0,
2120201616, 070509, 065051,   74.1, 130.0,
2120201615, 070509, 064951,   84.8, 179.0,
2120201613, 070509, 064831,   98.8, 207.0,
2120201612, 070509, 064731,  113.9, 268.0,
2120201610, 070509, 064621,  124.4, 254.0,
2120201609, 070509, 064511,  134.5, 171.0,
2120201607, 070509, 064351,  149.6,  95.0,
2120201605, 070509, 064221,  173.7,   0.0,
2130201322, 072609, 131615,    8.0,  59.0,
2130201320, 072609, 131336,   25.3,  70.0,
2130201318, 072609, 131050,   45.5,  92.0,
2130201317, 072609, 130924,   60.5, 118.0,
2130201315, 072609, 130744,   75.2, 229.0,
2130201314, 072609, 130624,   85.1, 257.0,
2130201312, 072609, 130451,  100.5, 304.0,
2130201311, 072609, 130257,  115.6, 164.0,
2130201309, 072609, 130134,  125.7,  75.0,
2130201308, 072609, 125954,  135.1,  63.0,
2130201306, 072609, 125729,  149.6,  38.0,
2130201304, 072609, 125534,  175.2,  25.0,
2140201521, 082009, 071915,    6.5,  79.0,
2140201519, 082009, 071454,   24.4,  89.0,
2140201517, 082009, 071250,   44.0, 119.0,
2140201516, 082009, 071129,   60.9, 182.0,
2140201514, 082009, 070900,   74.5, 196.0,
2140201513, 082009, 070746,   85.0, 238.0,
2140201511, 082009, 070607,  100.3, 307.0,
2140201510, 082009, 070449,  115.2, 297.0,
2140201508, 082009, 070314,  124.7, 226.0,
2140201507, 082009, 070150,  136.2, 142.0,
2140201505, 082009, 065939,  149.8,  50.0,
2140201503, 082009, 065629,  174.6,  38.0,
2150201622, 092609, 070104,    5.0,  66.0,
2150201619, 092609, 065912,   26.1,  41.0,
2150201617, 092609, 065732,   44.9,  95.0,
2150201616, 092609, 065556,   60.0, 133.0,
2150201614, 092609, 065412,   76.7, 213.0,
2150201611, 092609, 065124,   99.4, 228.0,
2150201610, 092609, 064952,  114.6, 301.0,
2150201608, 092609, 064822,  125.8, 312.0,
2150201607, 092609, 064702,  134.8, 270.0,
2150201603, 092609, 064332,  173.9, 188.0,
2160201521, 110509, 070655,    5.0,  95.0,
2160201519, 110509, 070455,   24.7,  85.0,
2160201517, 110509, 070315,   44.1, 107.0,
2160201516, 110509, 070150,   60.5,  93.0,
2160201514, 110509, 070021,   74.9, 251.0,
2160201513, 110509, 065900,   84.7, 266.0,
2160201511, 110509, 065706,  101.6, 311.0,
2160201510, 110509, 065417,  114.2, 306.0,
2160201508, 110509, 065251,  124.9, 185.0,
2160201507, 110509, 065016,  135.2, 137.0,
2160201505, 110509, 064816,  149.6,  95.0,
2160201503, 110509, 064555,  177.4,  33.0,
2170201621, 121109, 070038,    4.7,  95.0,
2170201619, 121109, 065908,   25.7, 106.0,
2170201617, 121109, 065739,   45.5, 118.0,
2170201616, 121109, 065618,   59.1,  58.0,
2170201614, 121109, 065438,   75.2, 160.0,
2170201613, 121109, 065329,   84.8, 265.0,
2170201611, 121109, 065158,   99.5, 305.0,
2170201610, 121109, 065043,  115.1, 247.0,
2170201608, 121109, 064913,  125.6, 160.0,
2170201607, 121109, 064618,  134.7,  96.0,
2170201605, 121109, 064448,  149.7,  32.0,
2170201603, 121109, 064303,  177.1,  17.0,
2190200721, 031110, 002324,    4.9,  86.0,
2190200719, 031110, 002125,   25.0, 106.0,
2190200717, 031110, 001950,   45.5, 121.0,
2190200716, 031110, 001840,   59.7, 112.0,
2190200714, 031110, 001722,   74.9, 136.0,
2190200713, 031110, 001618,   86.5, 150.0,
2190200711, 031110, 001504,  100.3, 186.0,
2190200710, 031110, 001415,  113.5, 304.0,
2190200708, 031110, 001259,  124.9, 329.0,
2190200707, 031110, 001202,  133.7, 296.0,
2190200705, 031110, 001040,  152.1, 112.0,
2190200703, 031110, 000833,  175.4,  37.0,
2200201521, 040810, 065933,    5.4,  87.0,
2200201519, 040810, 065808,   24.5,  86.0,
2200201517, 040810, 065643,   45.4, 135.0,
2200201516, 040810, 065537,   59.4, 256.0,
2200201514, 040810, 065424,   74.9, 249.0,
2200201513, 040810, 065322,   83.9, 282.0,
2200201511, 040810, 065203,   99.1, 326.0,
2200201510, 040810, 065053,  115.3, 288.0,
2200201508, 040810, 064938,  126.1, 318.0,
2200201507, 040810, 064835,  135.1, 196.0,
2200201505, 040810, 064717,  151.2, 149.0,
2200201503, 040810, 064549,  176.5,  54.0,
2210201621, 052010, 070129,    5.5,  74.0,
2210201619, 052010, 065959,   24.9,  70.0,
2210201617, 052010, 065829,   47.5,  84.0,
2210201616, 052010, 065549,   60.3,  99.0,
2210201614, 052010, 065434,   74.1, 123.0,
2210201613, 052010, 065329,   85.7, 132.0,
2210201611, 052010, 065204,  100.5, 184.0,
2210201610, 052010, 065054,  115.1, 290.0,
2210201608, 052010, 064939,  124.5, 307.0,
2210201607, 052010, 064834,  135.5, 279.0,
2210201605, 052010, 064714,  150.4, 173.0,
2210201603, 052010, 064544,  173.7,  87.0,
2220201621, 061010, 070829,    4.9,  63.0,
2220201619, 061010, 070643,   23.8,  64.0,
2220201617, 061010, 070509,   45.4,  88.0,
2220201616, 061010, 070328,   59.7, 111.0,
2220201614, 061010, 070149,   75.3, 141.0,
2220201613, 061010, 070039,   84.9, 149.0,
2220201611, 061010, 065854,  100.9, 196.0,
2220201610, 061010, 065658,  113.5, 424.0,
2220201608, 061010, 065424,  126.0, 373.0,
2220201607, 061010, 065313,  134.6, 273.0,
2220201605, 061010, 065119,  151.0, 186.0,
2220201603, 061010, 064939,  175.4, 104.0,
2230201621, 071010, 070303,    7.1,  76.0,
2230201619, 071010, 065957,   25.5,  75.0,
2230201617, 071010, 065752,   45.5,  88.0,
2230201616, 071010, 065606,   60.5, 122.0,
2230201614, 071010, 065402,   75.4, 172.0,
2230201613, 071010, 065216,   85.2, 207.0,
2230201611, 071010, 065032,   99.7, 254.0,
2230201610, 071010, 064845,  115.0, 242.0,
2230201608, 071010, 064712,  124.8, 286.0,
2230201607, 071010, 064542,  134.2, 219.0,
2230201605, 071010, 064347,  149.4,  83.0,
2230201603, 071010, 064127,  174.1,  15.0,
2240201621, 080910, 070014,    4.6,  53.0,
2240201619, 080910, 065619,   25.1,  59.0,
2240201617, 080910, 065418,   45.6,  77.0,
2240201616, 080910, 065249,   59.9, 126.0,
2240201614, 080910, 065114,   75.2, 173.0,
2240201613, 080910, 065004,   85.3, 247.0,
2240201611, 080910, 064822,  100.1, 301.0,
2240201610, 080910, 064650,  115.6, 320.0,
2240201608, 080910, 064523,  125.1, 281.0,
2240201607, 080910, 064411,  134.8, 247.0,
2240201605, 080910, 064229,  150.0, 181.0,
2240201603, 080910, 064045,  175.8,  89.0,
2250201523, 090510, 070053,    5.1,  68.0,
2250201521, 090510, 065800,   24.9,  77.0,
2250201519, 090510, 065555,   45.6,  96.0,
2250201518, 090510, 065412,   60.3, 156.0,
2250201515, 090510, 065110,   75.1, 221.0,
2250201514, 090510, 064942,   84.9, 314.0,
2250201512, 090510, 064740,  100.5, 334.0,
2250201510, 090510, 064429,  115.0, 175.0,
2250201508, 090510, 064205,  125.6, 130.0,
2250201507, 090510, 063954,  135.0,  94.0,
2250201505, 090510, 063747,  150.0,  59.0,
2250201503, 090510, 063526,  175.2,  38.0,
2260201622, 100510, 070233,    6.9,  81.0,
2260201619, 100510, 065938,   25.7, 100.0,
2260201617, 100510, 065714,   46.1, 104.0,
2260201616, 100510, 065509,   61.2, 190.0,
2260201614, 100510, 065254,   74.6, 224.0,
2260201613, 100510, 065110,   85.6, 285.0,
2260201611, 100510, 064854,   99.9, 362.0,
2260201610, 100510, 064633,  116.0, 276.0,
2260201608, 100510, 064439,  125.6, 247.0,
2260201607, 100510, 064259,  135.6, 168.0,
2260201605, 100510, 064054,  150.7,  95.0,
2260201603, 100510, 063824,  175.6,  40.0,
2270200823, 112210, 053802,    3.8,  72.0,
2270200821, 112210, 053634,   25.0,  82.0,
2270200819, 112210, 053524,   44.5, 143.0,
2270200818, 112210, 053422,   59.7, 126.0,
2270200816, 112210, 053302,   75.1, 155.0,
2270200815, 112210, 053207,   84.4, 193.0,
2270200813, 112210, 053026,  100.2, 191.0,
2270200812, 112210, 052855,  113.6, 385.0,
2270200810, 112210, 052728,  124.3, 315.0,
2270200809, 112210, 052611,  135.1, 220.0,
2270200807, 112210, 052433,  149.6, 122.0,
2270200805, 112210, 052238,  173.3,  63.0,
2290201521, 013011, 070000,    6.0,  47.0,
2290201519, 013011, 065700,   25.1,  73.0,
2290201517, 013011, 065445,   44.8,  89.0,
2290201516, 013011, 065301,   60.8, 102.0,
2290201514, 013011, 065110,   74.5, 116.0,
2290201513, 013011, 064935,   86.8, 149.0,
2290201511, 013011, 064745,  100.8, 330.0,
2290201510, 013011, 064545,  116.2, 309.0,
2290201508, 013011, 064350,  126.0, 173.0,
2290201507, 013011, 064220,  135.0, 104.0,
2290201505, 013011, 064031,  151.1,  24.0,
2290201503, 013011, 063820,  173.8,   6.0,
2300201521, 030211, 070336,    7.4,  65.0,
2300201519, 030211, 070044,   24.7,  50.0,
2300201517, 030211, 065848,   46.3,  92.0,
2300201516, 030211, 065719,   60.1, 115.0,
2300201514, 030211, 065539,   75.1, 130.0,
2300201513, 030211, 065413,   84.3, 139.0,
2300201511, 030211, 065228,   99.6, 352.0,
2300201510, 030211, 065054,  114.6, 214.0,
2300201508, 030211, 064918,  124.7, 187.0,
2300201507, 030211, 064739,  135.2, 139.0,
2300201505, 030211, 064549,  151.3,  59.0,
2300201503, 030211, 064324,  175.1,  23.0,
2310201421, 041311, 080842,    8.0,  64.0,
2310201419, 041311, 080654,   25.9,  65.0,
2310201417, 041311, 080509,   45.5,  60.0,
2310201416, 041311, 080326,   59.6,  71.0,
2310201414, 041311, 080154,   75.6, 115.0,
2310201413, 041311, 080040,   84.4, 154.0,
2310201411, 041311, 075910,  100.9, 236.0,
2310201410, 041311, 075749,  114.9, 258.0,
2310201408, 041311, 075604,  125.8, 225.0,
2310201407, 041311, 075439,  135.0, 190.0,
2310201405, 041311, 075304,  150.0, 112.0,
2310201403, 041311, 075109,  173.6,  44.0,
2320201521, 051111, 065014,    5.0,  77.0,
2320201519, 051111, 064844,   25.0,  84.0,
2320201517, 051111, 064719,   46.4, 119.0,
2320201516, 051111, 064614,   60.9, 157.0,
2320201514, 051111, 064505,   72.9, 199.0,
2320201513, 051111, 064400,   85.1, 232.0,
2320201511, 051111, 064249,  100.2, 297.0,
2320201510, 051111, 064134,  114.9, 201.0,
2320201508, 051111, 064015,  126.4, 186.0,
2320201507, 051111, 063914,  135.7, 162.0,
2320201505, 051111, 063805,  148.9, 110.0,
2320201503, 051111, 063625,  175.5,  58.0,
2330201623, 072111, 065707,    4.7,  53.0,
2330201619, 072111, 065508,   25.0,  65.0,
2330201617, 072111, 065318,   44.5,  77.0,
2330201616, 072111, 065159,   59.8,  89.0,
2330201614, 072111, 065038,   74.1,  94.0,
2330201613, 072111, 064934,   85.0, 132.0,
2330201611, 072111, 064808,   99.5, 178.0,
2330201610, 072111, 064649,  114.6, 229.0,
2330201608, 072111, 064539,  124.7, 267.0,
2330201607, 072111, 064434,  134.3, 269.0,
2330201605, 072111, 064308,  149.1, 168.0,
2330201603, 072111, 064118,  174.1, 105.0,
2340200622, 083111, 071046,    6.0,  92.0,
2340200619, 083111, 070850,   24.2,  92.0,
2340200617, 083111, 070646,   44.5, 132.0,
2340200616, 083111, 070530,   59.6, 138.0,
2340200614, 083111, 070310,   74.8, 163.0,
2340200613, 083111, 070151,   84.4, 234.0,
2340200611, 083111, 070021,   99.7, 264.0,
2340200610, 083111, 065850,  114.5, 278.0,
2340200608, 083111, 065736,  123.8, 210.0,
2340200607, 083111, 065621,  134.5, 189.0,
2340200605, 083111, 065451,  149.7, 104.0,
2340200603, 083111, 065246,  174.6,  52.0,
2350200523, 092711, 095839,    6.1,  71.0,
2350200519, 092711, 095554,   25.8,  78.0,
2350200517, 092711, 095324,   45.5, 109.0,
2350200516, 092711, 095129,   60.6, 128.0,
2350200511, 092711, 094604,  100.3, 323.0,
2350200510, 092711, 094413,  114.7, 268.0,
2350200508, 092711, 094234,  125.8, 216.0,
2350200507, 092711, 094059,  135.3, 154.0,
2350200505, 092711, 093859,  151.3,  90.0,
2350200503, 092711, 093619,  175.6,  55.0,
2360201422, 110611, 065555,    5.2, 104.0,
2360201420, 110611, 065420,   24.9,  98.0,
2360201417, 110611, 065240,   45.0, 175.0,
2360201416, 110611, 065131,   62.3, 254.0,
2360201414, 110611, 064931,   73.1, 336.0,
2360201413, 110611, 064821,   85.1, 262.0,
2360201411, 110611, 064701,   99.7, 144.0,
2360201410, 110611, 064550,  115.7,  70.0,
2360201408, 110611, 064430,  125.4,  56.0,
2360201407, 110611, 064337,  136.6,  39.0,
2360201405, 110611, 064211,  150.7,   7.0,
2360201403, 110611, 064051,  174.4,  17.0,
2370200521, 112911, 120119,    5.5, 209.0,
2370200519, 112911, 115932,   25.3, 219.0,
2370200517, 112911, 115743,   45.4, 216.0,
2370200516, 112911, 115626,   59.6, 216.0,
2370200514, 112911, 115442,   75.5, 150.0,
2370200513, 112911, 115325,   85.3, 218.0,
2370200511, 112911, 115205,  100.4, 223.0,
2370200510, 112911, 115040,  115.3, 182.0,
2370200508, 112911, 114853,  125.3, 146.0,
2370200507, 112911, 114730,  134.8,  78.0,
2370200505, 112911, 114558,  150.9,  42.0,
2370200503, 112911, 114357,  175.2,  20.0,
2380201421, 122111, 055928,    5.8, 134.0,
2380201419, 122111, 055738,   24.6, 144.0,
2380201417, 122111, 055503,   44.2, 159.0,
2380201416, 122111, 055333,   59.4, 157.0,
2380201414, 122111, 055148,   74.1, 147.0,
2380201413, 122111, 055038,   84.0, 152.0,
2380201411, 122111, 054854,   98.9, 215.0,
2380201410, 122111, 054724,  114.7, 152.0,
2380201408, 122111, 054553,  124.3, 113.0,
2380201407, 122111, 054433,  134.8,  60.0,
2380201405, 122111, 054258,  150.2,  34.0,
2380201403, 122111, 054103,  175.2,  12.0,
2390201523, 012012, 064830,    5.7,  93.0,
2390201519, 012012, 064650,   25.9,  80.0,
2390201517, 012012, 064531,   45.5, 217.0,
2390201516, 012012, 064430,   59.4, 209.0,
2390201514, 012012, 064315,   75.0, 229.0,
2390201513, 012012, 064221,   84.3, 255.0,
2390201511, 012012, 064111,   99.6, 223.0,
2390201510, 012012, 064011,  115.8, 208.0,
2390201508, 012012, 063910,  124.7, 151.0,
2390201507, 012012, 063816,  135.5, 127.0,
2390201505, 012012, 063700,  149.9,  90.0,
2390201503, 012012, 063541,  174.8,  23.0,
2400200923, 032612, 112812,    7.5,  78.0,
2400200921, 032612, 112517,   25.5,  77.0,
2400200919, 032612, 112338,   45.0,  85.0,
2400200918, 032612, 112207,   60.0, 108.0,
2400200916, 032612, 112033,   74.7, 112.0,
2400200915, 032612, 111917,   85.0,  53.0,
2400200913, 032612, 111732,  100.7, 165.0,
2400200912, 032612, 111613,  114.9, 291.0,
2400200910, 032612, 111452,  124.9, 301.0,
2400200909, 032612, 111327,  134.6, 241.0,
2400200907, 032612, 111153,  150.4,  26.0,
2400200905, 032612, 111017,  174.5,  24.0,
2410201423, 050412, 021933,    5.4,  82.0,
2410201417, 050412, 021739,   24.4,  76.0,
2410201415, 050412, 021618,   45.2,  88.0,
2410201414, 050412, 021519,   62.0,  96.0,
2410201412, 050412, 021403,   74.0,  99.0,
2410201411, 050412, 021309,   84.9, 113.0,
2410201410, 050412, 021204,  101.5, 151.0,
2410201409, 050412, 021104,  113.4, 221.0,
2410201406, 050412, 020959,  123.9, 319.0,
2410201405, 050412, 020904,  134.2, 308.0,
2410201404, 050412, 020803,  150.0, 206.0,
2410201403, 050412, 020653,  174.4, 140.0,
2420201422, 060112, 065904,    5.4,  58.0,
2420201420, 060112, 065730,   26.2,  31.0,
2420201418, 060112, 065550,   46.8,  86.0,
2420201417, 060112, 065434,   58.9, 105.0,
2420201414, 060112, 065136,   88.4, 126.0,
2420201412, 060112, 064955,   98.1, 185.0,
2420201411, 060112, 064830,  115.3, 250.0,
2420201409, 060112, 064714,  125.1, 230.0,
2420201408, 060112, 064604,  135.3, 198.0,
2420201405, 060112, 064429,  150.4, 125.0,
2420201403, 060112, 064250,  176.8,  28.0,
2430201321, 062812, 071407,    6.0,  71.0,
2430201319, 062812, 071132,   25.8,  31.0,
2430201317, 062812, 070942,   44.3,  75.0,
2430201316, 062812, 070841,   59.6,  80.0,
2430201314, 062812, 070726,   74.6, 116.0,
2430201313, 062812, 070626,   85.0, 125.0,
2430201311, 062812, 070512,   99.4, 190.0,
2430201310, 062812, 070356,  114.8, 265.0,
2430201308, 062812, 070251,  124.8, 254.0,
2430201307, 062812, 070141,  134.8, 175.0,
2430201305, 062812, 070017,  148.4, 141.0,
2430201303, 062812, 065822,  174.4,  34.0,
2440201521, 080212, 065223,    9.5,  65.0,
2440201519, 080212, 065043,   25.5,  69.0,
2440201517, 080212, 064923,   45.6,  70.0,
2440201516, 080212, 064813,   60.2, 131.0,
2440201514, 080212, 064658,   75.0, 157.0,
2440201513, 080212, 064603,   85.2, 147.0,
2440201511, 080212, 064438,  100.4, 180.0,
2440201510, 080212, 064323,  115.2, 244.0,
2440201508, 080212, 064218,  125.3, 246.0,
2440201507, 080212, 064109,  135.0, 226.0,
2440201505, 080212, 063948,  150.5, 171.0,
2440201503, 080212, 063823,  174.9,  82.0,
2450201421, 081912, 070516,    4.6,  50.0,
2450201419, 081912, 070337,   25.8,  62.0,
2450201417, 081912, 070207,   46.3,  67.0,
2450201416, 081912, 070057,   60.8,  87.0,
2450201414, 081912, 065921,   75.6, 135.0,
2450201413, 081912, 065816,   85.0, 150.0,
2450201411, 081912, 065652,  100.5, 176.0,
2450201410, 081912, 065142,  114.4, 189.0,
2450201408, 081912, 064912,  124.7, 220.0,
2450201407, 081912, 064812,  135.5, 277.0,
2450201405, 081912, 064706,  150.8, 116.0,
2450201403, 081912, 064541,  175.9,  45.0,
2460201421, 091612, 065920,    5.0,  63.0,
2460201419, 091612, 065730,   25.6,  72.0,
2460201417, 091612, 065601,   45.9,  69.0,
2460201416, 091612, 065445,   60.2,  91.0,
2460201414, 091612, 065331,   75.2, 115.0,
2460201413, 091612, 065231,   85.5, 152.0,
2460201411, 091612, 065055,  100.5, 210.0,
2460201410, 091612, 064932,  115.1, 224.0,
2460201408, 091612, 064810,  125.1, 195.0,
2460201407, 091612, 064652,  135.3, 167.0,
2460201405, 091612, 064521,  150.4, 106.0,
2460201403, 091612, 064258,  175.5,  45.0,
2470201421, 100912, 070732,    6.3,  54.0,
2470201419, 100912, 070552,   24.7,  57.0,
2470201417, 100912, 070352,   45.3,  70.0,
2470201416, 100912, 070223,   60.2,  88.0,
2470201414, 100912, 070043,   75.2, 152.0,
2470201413, 100912, 065932,   85.1, 167.0,
2470201411, 100912, 065743,   99.7, 203.0,
2470201410, 100912, 065612,  115.2, 213.0,
2470201408, 100912, 065452,  125.0, 238.0,
2470201407, 100912, 065342,  135.0, 237.0,
2470201405, 100912, 065213,  149.9, 149.0,
2470201403, 100912, 065012,  175.2,  76.0,
2480201421, 120512, 070749,    8.6, 100.0,
2480201419, 120512, 070509,   25.9, 112.0,
2480201417, 120512, 070319,   47.3, 119.0,
2480201416, 120512, 070155,   63.2, 134.0,
2480201414, 120512, 070034,   77.1, 141.0,
2480201413, 120512, 065920,   86.9, 153.0,
2480201411, 120512, 065749,  100.6, 290.0,
2480201410, 120512, 065629,  115.7, 263.0,
2480201408, 120512, 065509,  125.9, 200.0,
2480201407, 120512, 065404,  135.7, 143.0,
2480201405, 120512, 065239,  151.2,  94.0,
2480201403, 120512, 065034,  176.1,  34.0,
2490201421, 021413, 065730,    7.1,  70.0,
2490201419, 021413, 065530,   24.7,  79.0,
2490201417, 021413, 065329,   46.1,  94.0,
2490201416, 021413, 065159,   60.3,  98.0,
2490201414, 021413, 065009,   76.9, 105.0,
2490201413, 021413, 064859,   86.5, 105.0,
2490201411, 021413, 064729,  101.4, 124.0,
2490201410, 021413, 064609,  114.0, 158.0,
2490201408, 021413, 064450,  125.3, 172.0,
2490201407, 021413, 064339,  135.3, 194.0,
2490201405, 021413, 064159,  150.4, 276.0,
2490201403, 021413, 063949,  175.9, 163.0,
2500201521, 030813, 070020,    7.1,  98.0,
2500201519, 030813, 065809,   24.8, 113.0,
2500201517, 030813, 065639,   46.2, 139.0,
2500201516, 030813, 065539,   60.6, 145.0,
2500201514, 030813, 065419,   74.8, 209.0,
2500201513, 030813, 065320,   85.9, 279.0,
2500201511, 030813, 065200,   99.9, 279.0,
2500201510, 030813, 065050,  115.6, 211.0,
2500201508, 030813, 064939,  124.9, 207.0,
2500201507, 030813, 064850,  135.1, 185.0,
2500201505, 030813, 064740,  149.1, 160.0,
2500201503, 030813, 064610,  174.3, 123.0,
2510201421, 040713, 065437,    5.5,  66.0,
2510201419, 040713, 065247,   25.3,  68.0,
2510201417, 040713, 065108,   45.6,  82.0,
2510201416, 040713, 064947,   59.8, 142.0,
2510201414, 040713, 064827,   75.6, 309.0,
2510201413, 040713, 064717,   85.2, 313.0,
2510201411, 040713, 064556,  100.6, 283.0,
2510201410, 040713, 064417,  115.3, 192.0,
2510201408, 040713, 064307,  124.6, 181.0,
2510201407, 040713, 064157,  134.8, 119.0,
2510201405, 040713, 064027,  149.8,  80.0,
2510201403, 040713, 063837,  175.6,  97.0,
2520201521, 051913, 065602,    7.8,  54.0,
2520201519, 051913, 065351,   25.3,  59.0,
2520201517, 051913, 065221,   45.6,  83.0,
2520201516, 051913, 065111,   59.8,  93.0,
2520201514, 051913, 064951,   75.4, 108.0,
2520201513, 051913, 064851,   85.9, 141.0,
2520201511, 051913, 064730,   99.4, 251.0,
2520201510, 051913, 064611,  115.3, 316.0,
2520201508, 051913, 064451,  125.5, 304.0,
2520201507, 051913, 064341,  135.7, 241.0,
2520201505, 051913, 064221,  150.0, 160.0,
2520201503, 051913, 064021,  174.6,  96.0,
2530201521, 062713, 070850,    6.9,  66.0,
2530201519, 062713, 070630,   25.9,  65.0,
2530201517, 062713, 070450,   45.2, 103.0,
2530201516, 062713, 070330,   60.1, 106.0,
2530201514, 062713, 070200,   75.0, 126.0,
2530201513, 062713, 070050,   85.1, 133.0,
2530201511, 062713, 065920,  100.4, 173.0,
2530201510, 062713, 065800,  115.3, 240.0,
2530201507, 062713, 065530,  135.1, 334.0,
2530201505, 062713, 065400,  150.3, 262.0,
2530201503, 062713, 065210,  175.8, 128.0,
2540201421, 091313, 070046,    5.6,  95.0,
2540201419, 091313, 065827,   25.1,  82.0,
2540201417, 091313, 065707,   46.1,  95.0,
2540201416, 091313, 065556,   60.9, 121.0,
2540201414, 091313, 065451,   75.3, 129.0,
2540201413, 091313, 065356,   84.8, 147.0,
2540201411, 091313, 065241,  100.4, 176.0,
2540201410, 091313, 065131,  115.9, 184.0,
2540201408, 091313, 065026,  125.1, 240.0,
2540201407, 091313, 064909,  136.5, 192.0,
2540201405, 091313, 064751,  149.4, 151.0,
2540201403, 091313, 064614,  175.1,  40.0,
2550201421, 100313, 065704,    6.9,  93.0,
2550201419, 100313, 065514,   25.2, 102.0,
2550201417, 100313, 065344,   45.8, 194.0,
2550201416, 100313, 065235,   60.3, 343.0,
2550201414, 100313, 065114,   75.3, 415.0,
2550201413, 100313, 065011,   85.6, 398.0,
2550201411, 100313, 064853,   99.9, 277.0,
2550201410, 100313, 064744,  116.2, 169.0,
2550201408, 100313, 064635,  125.9, 141.0,
2550201407, 100313, 064534,  135.4, 104.0,
2550201405, 100313, 064414,  150.2,  66.0,
2550201403, 100313, 064244,  174.4,  41.0,
2560201421, 102913, 070508,    7.5,  62.0,
2560201419, 102913, 070318,   24.9,  80.0,
2560201417, 102913, 070148,   43.9, 133.0,
2560201416, 102913, 070038,   59.5, 144.0,
2560201414, 102913, 065908,   73.9, 221.0,
2560201413, 102913, 065808,   85.3, 219.0,
2560201411, 102913, 065647,   99.6, 243.0,
2560201410, 102913, 065543,  113.2, 178.0,
2560201408, 102913, 065418,  124.0, 162.0,
2560201407, 102913, 065308,  135.1, 108.0,
2560201405, 102913, 065138,  152.4,  46.0,
2560201403, 102913, 064947,  176.4,  24.0,
2570201422, 112813, 070240,    6.2,  76.0,
2570201419, 112813, 070000,   25.1,  92.0,
2570201417, 112813, 065809,   45.3, 109.0,
2570201414, 112813, 065500,   75.2, 216.0,
2570201413, 112813, 065350,   85.3, 258.0,
2570201411, 112813, 065219,  100.5, 227.0,
2570201410, 112813, 065050,  115.5, 192.0,
2570201408, 112813, 064930,  125.9, 136.0,
2570201407, 112813, 064820,  135.1, 107.0,
2570201405, 112813, 064639,  150.4,  64.0,
2570201403, 112813, 064430,  175.8,  24.0,
2580201421, 122213, 071110,    7.9,  92.0,
2580201419, 122213, 070836,   25.3,  86.0,
2580201417, 122213, 070656,   47.1, 103.0,
2580201416, 122213, 070547,   59.4,  94.0,
2580201414, 122213, 070405,   76.1, 146.0,
2580201413, 122213, 070258,   87.3, 209.0,
2580201411, 122213, 070136,  100.4, 269.0,
2580201410, 122213, 070007,  115.2, 266.0,
2580201408, 122213, 065856,  124.7, 189.0,
2580201407, 122213, 065746,  136.7, 159.0,
2580201405, 122213, 065630,  151.4,  81.0,
2580201403, 122213, 065506,  175.2,  25.0,
2590201422, 011714, 072435,    6.7,  97.0,
2590201419, 011714, 072155,   25.7,  98.0,
2590201417, 011714, 071915,   45.8, 124.0,
2590201416, 011714, 071725,   60.4, 143.0,
2590201414, 011714, 071437,   75.6, 169.0,
2590201413, 011714, 071255,   85.3, 219.0,
2590201411, 011714, 071025,  101.0, 334.0,
2590201410, 011714, 070815,  115.9, 216.0,
2590201408, 011714, 070635,  125.2, 134.0,
2590201407, 011714, 070505,  135.4, 104.0,
2590201405, 011714, 070315,  150.0,  54.0,
2590201403, 011714, 070045,  175.6,  27.0,
2600201323, 021614, 072149,    7.4,  55.0,
2600201320, 021614, 071900,   25.7,  54.0,
2600201318, 021614, 071645,   45.7, 138.0,
2600201317, 021614, 071456,   60.5, 167.0,
2600201314, 021614, 071050,   85.1, 248.0,
2600201312, 021614, 070909,  101.5, 288.0,
2600201311, 021614, 070739,  115.5, 276.0,
2600201309, 021614, 070612,  125.8, 198.0,
2600201305, 021614, 070147,  150.2,  92.0,
2600201303, 021614, 065955,  174.6,  20.0,
2610201421, 030714, 070608,    5.7,  84.0,
2610201419, 030714, 070353,   25.7,  96.0,
2610201417, 030714, 070214,   46.3, 123.0,
2610201416, 030714, 070103,   60.3, 146.0,
2610201414, 030714, 065939,   75.2, 153.0,
2610201413, 030714, 065833,   85.1, 196.0,
2610201411, 030714, 065703,  100.6, 311.0,
2610201410, 030714, 065543,  115.7, 308.0,
2610201408, 030714, 065418,  125.6, 164.0,
2610201407, 030714, 065318,  135.4, 138.0,
2610201405, 030714, 065203,  150.4,  68.0,
2610201403, 030714, 065008,  175.2,  30.0,
2620201422, 041214, 065230,    4.5,  79.0,
2620201420, 041214, 065045,   25.2,  99.0,
2620201418, 041214, 064930,   45.2, 129.0,
2620201417, 041214, 064830,   60.3, 163.0,
2620201415, 041214, 064720,   74.5, 205.0,
2620201414, 041214, 064630,   85.4, 253.0,
2620201412, 041214, 064520,  100.1, 319.0,
2620201411, 041214, 064417,  115.2, 311.0,
2620201409, 041214, 064310,  125.1, 293.0,
2620201408, 041214, 064220,  135.0, 146.0,
2620201406, 041214, 064115,  149.7, 148.0,
2620201404, 041214, 063950,  175.0,  92.0,
2630201321, 060214, 065912,    5.3,  63.0,
2630201319, 060214, 065742,   24.5,  71.0,
2630201317, 060214, 065617,   44.9,  78.0,
2630201316, 060214, 065458,   60.4, 111.0,
2630201314, 060214, 065347,   74.8, 126.0,
2630201313, 060214, 065247,   85.0, 135.0,
2630201311, 060214, 065132,   99.2, 198.0,
2630201310, 060214, 065027,  115.0, 237.0,
2630201308, 060214, 064927,  124.4, 312.0,
2630201307, 060214, 064827,  134.7, 270.0,
2630201305, 060214, 064712,  150.0, 120.0,
2630201303, 060214, 064452,  175.3,  89.0,
2640201421, 070214, 070438,    4.4,  75.0,
2640201419, 070214, 070254,   25.7,  77.0,
2640201417, 070214, 070116,   45.1, 100.0,
2640201416, 070214, 070003,   60.0, 112.0,
2640201414, 070214, 065841,   74.1, 138.0,
2640201413, 070214, 065730,   84.4, 157.0,
2640201411, 070214, 065612,   98.9, 243.0,
2640201410, 070214, 065453,  114.3, 311.0,
2640201408, 070214, 065337,  124.5, 320.0,
2640201407, 070214, 065228,  134.8, 195.0,
2640201405, 070214, 065100,  148.4, 127.0,
2640201403, 070214, 064903,  174.7,  88.0,
2650201423, 091614, 071332,    4.9,  78.0,
2650201420, 091614, 071145,   26.2,  70.0,
2650201418, 091614, 071037,   45.2, 116.0,
2650201417, 091614, 070948,   60.2, 176.0,
2650201415, 091614, 070844,   75.3, 213.0,
2650201414, 091614, 070800,   84.8, 316.0,
2650201413, 091614, 070653,   99.4, 391.0,
2650201411, 091614, 070533,  114.9, 300.0,
2650201409, 091614, 070421,  124.8, 230.0,
2650201408, 091614, 070333,  134.9, 157.0,
2650201406, 091614, 070219,  150.2,  80.0,
2650201404, 091614, 070102,  175.3,  38.0,
2660201422, 101514, 071052,    4.7, 126.0,
2660201420, 101514, 070857,   25.4, 128.0,
2660201418, 101514, 070722,   44.7, 168.0,
2660201417, 101514, 070552,   60.2, 215.0,
2660201415, 101514, 070422,   74.7, 248.0,
2660201412, 101514, 070152,   99.6, 329.0,
2660201411, 101514, 070037,  114.9, 261.0,
2660201409, 101514, 065927,  125.1, 168.0,
2660201408, 101514, 065822,  135.3, 147.0,
2660201406, 101514, 065702,  149.4,  73.0,
2660201404, 101514, 065532,  173.4,  30.0,
2670201421, 112314, 070825,    5.7, 148.0,
2670201419, 112314, 070634,   25.5, 155.0,
2670201417, 112314, 070455,   44.6, 147.0,
2670201416, 112314, 070345,   59.8, 174.0,
2670201414, 112314, 070225,   76.8, 195.0,
2670201413, 112314, 070125,   84.9, 169.0,
2670201411, 112314, 070000,  100.5, 304.0,
2670201410, 112314, 065840,  114.3, 180.0,
2670201408, 112314, 065720,  125.2, 125.0,
2670201407, 112314, 065610,  134.9,  91.0,
2670201405, 112314, 065440,  152.2,  61.0,
2670201403, 112314, 065245,  176.3,  27.0,
2680201322, 121814, 070314,    6.0, 159.0,
2680201319, 121814, 070144,   25.1, 161.0,
2680201317, 121814, 070020,   45.3, 174.0,
2680201316, 121814, 065920,   58.9, 175.0,
2680201314, 121814, 065804,   74.5, 161.0,
2680201313, 121814, 065709,   83.4, 183.0,
2680201311, 121814, 065549,   99.3, 223.0,
2680201310, 121814, 065444,  114.8, 113.0,
2680201308, 121814, 065334,  125.2,  80.0,
2680201307, 121814, 065234,  134.6,  58.0,
2680201305, 121814, 065114,  147.9,  40.0,
2680201303, 121814, 064944,  174.9,   8.0,
2690201421, 022615, 072153,    4.6, 105.0,
2690201419, 022615, 072018,   25.7, 113.0,
2690201417, 022615, 071833,   44.5, 176.0,
2690201416, 022615, 071718,   59.9, 188.0,
2690201414, 022615, 071548,   75.3, 266.0,
2690201413, 022615, 071438,   86.3, 354.0,
2690201411, 022615, 071258,   99.8, 535.0,
2690201410, 022615, 071133,  115.5, 372.0,
2690201408, 022615, 070958,  124.1, 399.0,
2690201407, 022615, 070848,  134.8, 311.0,
2690201405, 022615, 070718,  150.9, 111.0,
2690201403, 022615, 070518,  172.5,  45.0,
2700200521, 033015, 105341,    4.4,  81.0,
2700200519, 033015, 105146,   24.2,  81.0,
2700200517, 033015, 105001,   44.5,  86.0,
2700200516, 033015, 104831,   59.0, 116.0,
2700200514, 033015, 104646,   75.0, 185.0,
2700200513, 033015, 104526,   84.5, 182.0,
2700200511, 033015, 104341,   99.9, 212.0,
2700200510, 033015, 104211,  114.4, 246.0,
2700200508, 033015, 104051,  124.6, 235.0,
2700200507, 033015, 103941,  135.5, 311.0,
2700200505, 033015, 103746,  151.6, 247.0,
2700200503, 033015, 103516,  173.1, 149.0,
2710201421, 042315, 070000,    8.0,  79.0,
2710201419, 042315, 065835,   24.8,  78.0,
2710201417, 042315, 065715,   44.7,  89.0,
2710201416, 042315, 065621,   59.8, 103.0,
2710201414, 042315, 065515,   76.1, 123.0,
2710201413, 042315, 065425,   84.0, 140.0,
2710201411, 042315, 065320,   99.6, 219.0,
2710201410, 042315, 065221,  115.5, 445.0,
2710201408, 042315, 065121,  125.4, 450.0,
2710201407, 042315, 065025,  134.3, 421.0,
2710201405, 042315, 064920,  150.6, 222.0,
2710201403, 042315, 064805,  174.5, 151.0,
2720201521, 052515, 070803,    6.1,  90.0,
2720201519, 052515, 070528,   26.0,  85.0,
2720201517, 052515, 070353,   45.3,  98.0,
2720201516, 052515, 070232,   60.4, 115.0,
2720201514, 052515, 070028,   75.1, 132.0,
2720201513, 052515, 065857,   85.2, 169.0,
2720201511, 052515, 065722,  101.2, 248.0,
2720201510, 052515, 065607,  115.2, 379.0,
2720201508, 052515, 065458,  126.0, 366.0,
2720201507, 052515, 065347,  136.3, 220.0,
2720201505, 052515, 065222,  151.0, 174.0,
2720201503, 052515, 065037,  175.8,  77.0,
2730201521, 062115, 071149,    6.1,  59.0,
2730201519, 062115, 070844,   25.2,  69.0,
2730201517, 062115, 070714,   45.5,  92.0,
2730201516, 062115, 070609,   60.4, 125.0,
2730201514, 062115, 070453,   74.9, 163.0,
2730201513, 062115, 070358,   83.8, 165.0,
2730201511, 062115, 070228,   99.0, 229.0,
2730201510, 062115, 070119,  114.9, 301.0,
2730201508, 062115, 070004,  123.9, 301.0,
2730201507, 062115, 065859,  135.1, 266.0,
2730201505, 062115, 065739,  149.1, 175.0,
2730201503, 062115, 065539,  174.8,  70.0,
2740201524, 072115, 065438,    6.4,  56.0,
2740201521, 072115, 065233,   24.7,  59.0,
2740201520, 072115, 065223,   24.6,  57.0,
2740201518, 072115, 065055,   44.9,  84.0,
2740201517, 072115, 064958,   60.1, 111.0,
2740201515, 072115, 064838,   76.2, 154.0,
2740201514, 072115, 064748,   84.9, 168.0,
2740201513, 072115, 064648,  100.4, 218.0,
2740201512, 072115, 064549,  115.0, 230.0,
2740201510, 072115, 064449,  124.5, 268.0,
2740201509, 072115, 064353,  136.6, 200.0,
2740201506, 072115, 064238,  150.8, 140.0,
2740201505, 072115, 064228,  150.7, 137.0,
2740201504, 072115, 064119,  175.4,  54.0,
2750201424, 081415, 071138,    5.1,  55.0,
2750201421, 081415, 070958,   25.7,  56.0,
2750201420, 081415, 070948,   25.8,  59.0,
2750201418, 081415, 070814,   45.3,  89.0,
2750201417, 081415, 070658,   59.9, 116.0,
2750201415, 081415, 070523,   75.2, 132.0,
2750201414, 081415, 070416,   85.5, 159.0,
2750201413, 081415, 070301,  100.1, 199.0,
2750201412, 081415, 070150,  115.0, 308.0,
2750201410, 081415, 070028,  125.2, 293.0,
2750201409, 081415, 065918,  134.4, 220.0,
2750201406, 081415, 065743,  149.3, 127.0,
2750201405, 081415, 065733,  149.2, 116.0,
2750201403, 081415, 065553,  175.3,  38.0,
2770201424, 101515, 070024,    4.7,  48.0,
2770201421, 101515, 065844,   25.1,  99.0,
2770201420, 101515, 065834,   25.1,  94.0,
2770201418, 101515, 065706,   45.5,  97.0,
2770201417, 101515, 065554,   60.3, 137.0,
2770201415, 101515, 065439,   75.1, 173.0,
2770201414, 101515, 065337,   86.1, 302.0,
2770201413, 101515, 065234,   99.4, 239.0,
2770201410, 101515, 065011,  125.2, 229.0,
2770201409, 101515, 064912,  135.0, 232.0,
2770201406, 101515, 064739,  150.7, 169.0,
2770201405, 101515, 064729,  150.7, 167.0,
2770201403, 101515, 064549,  174.1,  78.0,
2790201421, 121015, 071312,    5.4,  68.0,
2790201419, 121015, 071127,   26.0,  98.0,
2790201417, 121015, 070943,   46.6, 160.0,
2790201416, 121015, 070831,   59.3, 199.0,
2790201414, 121015, 070700,   76.0, 214.0,
2790201413, 121015, 070552,   86.6, 295.0,
2790201411, 121015, 070427,  101.7, 419.0,
2790201410, 121015, 070307,  113.7, 220.0,
2790201408, 121015, 070155,  125.1, 152.0,
2790201407, 121015, 070045,  136.1, 111.0,
2790201405, 121015, 065918,  149.9,  88.0,
2790201403, 121015, 065747,  175.9,  18.0,
2800201419, 011416, 071408,   26.0,  96.0,
2800201417, 011416, 071151,   45.5, 117.0,
2800201416, 011416, 070955,   61.1, 116.0,
2800201414, 011416, 070755,   75.9, 207.0,
2800201413, 011416, 070603,   85.7, 216.0,
2800201411, 011416, 070348,  100.1, 341.0,
2800201410, 011416, 070143,  115.0, 241.0,
2800201408, 011416, 065943,  125.9, 143.0,
2800201407, 011416, 065808,  136.1, 104.0,
2800201405, 011416, 065603,  150.9,  59.0,
2800201403, 011416, 065326,  175.4,  16.0,
2810201423, 021116, 071027,    7.3,  66.0,
2810201420, 021116, 070756,   27.5,  73.0,
2810201418, 021116, 070608,   46.1, 102.0,
2810201417, 021116, 070508,   58.6, 133.0,
2810201415, 021116, 070347,   73.8, 136.0,
2810201414, 021116, 070254,   85.0, 174.0,
2810201412, 021116, 070112,  100.9, 176.0,
2810201411, 021116, 070002,  115.8, 310.0,
2810201410, 021116, 065917,  118.9, 279.0,
2810201408, 021116, 065816,  124.9, 233.0,
2810201407, 021116, 065726,  134.8, 211.0,
2810201405, 021116, 065616,  149.3, 106.0,
2810201403, 021116, 065447,  174.1,  67.0,
2820201322, 031016, 090309,    7.1, 121.0,
2820201319, 031016, 090119,   24.8, 164.0,
2820201317, 031016, 085939,   46.8, 138.0,
2820201316, 031016, 085809,   60.4, 158.0,
2820201314, 031016, 085649,   75.2, 145.0,
2820201313, 031016, 085544,   84.3, 133.0,
2820201311, 031016, 085420,   99.4, 198.0,
2820201310, 031016, 085259,  114.9, 221.0,
2820201308, 031016, 085144,  125.6, 180.0,
2820201307, 031016, 085046,  134.5, 122.0,
2820201305, 031016, 084920,  149.4,  41.0,
2820201303, 031016, 084750,  176.9,  17.0,
2830201422, 041616, 072234,    4.4,  73.0,
2830201418, 041616, 071802,   44.1,  75.0,
2830201416, 041616, 071527,   60.4,  98.0,
2830201414, 041616, 071312,   75.1, 122.0,
2830201413, 041616, 071115,   84.8, 126.0,
2830201412, 041616, 070934,   99.1, 166.0,
2830201410, 041616, 070738,  114.1, 202.0,
2830201408, 041616, 070606,  124.5, 316.0,
2830201407, 041616, 070408,  134.3, 234.0,
2830201405, 041616, 070208,  151.9, 209.0,
2830201403, 041616, 065944,  175.5,  73.0,
2840200523, 052916, 114836,    5.2,  43.0,
2840200521, 052916, 114651,   25.2,  52.0,
2840200519, 052916, 114516,   45.8,  68.0,
2840200518, 052916, 114356,   59.4,  72.0,
2840200516, 052916, 114226,   75.1,  98.0,
2840200515, 052916, 114121,   85.5, 127.0,
2840200513, 052916, 113956,  100.3, 175.0,
2840200512, 052916, 113836,  115.3, 271.0,
2840200510, 052916, 113731,  125.6, 210.0,
2840200509, 052916, 113626,  135.3, 153.0,
2840200506, 052916, 113456,  149.8,  74.0,
2840200503, 052916, 113306,  175.4,  20.0,
2850201421, 071316, 065402,    5.2,  51.0,
2850201419, 071316, 065242,   24.7,  52.0,
2850201417, 071316, 065112,   44.8,  66.0,
2850201416, 071316, 065012,   59.7,  77.0,
2850201414, 071316, 064905,   75.1,  96.0,
2850201413, 071316, 064813,   85.4,  98.0,
2850201411, 071316, 064713,  100.0, 151.0,
2850201410, 071316, 064613,  114.9, 231.0,
2850201408, 071316, 064513,  124.9, 290.0,
2850201405, 071316, 064312,  150.7, 214.0,
2850201403, 071316, 064153,  175.3,  48.0,
2860201321, 081116, 065628,    5.7,  59.0,
2860201319, 081116, 065508,   25.5,  56.0,
2860201317, 081116, 065347,   45.9, 105.0,
2860201316, 081116, 065252,   59.9, 119.0,
2860201314, 081116, 065147,   74.8, 152.0,
2860201313, 081116, 065058,   85.1, 183.0,
2860201311, 081116, 064947,  100.8, 232.0,
2860201310, 081116, 064848,  114.8, 227.0,
2860201308, 081116, 064738,  125.9, 289.0,
2860201307, 081116, 064643,  134.3, 158.0,
2860201305, 081116, 064518,  151.2, 131.0,
2860201303, 081116, 064343,  176.1,  29.0,
2870201414, 101716, 071146,    4.9,  81.0,
2870201413, 101716, 071001,   26.3,  66.0,
2870201412, 101716, 070826,   45.3, 102.0,
2870201411, 101716, 070646,   61.5, 170.0,
2870201410, 101716, 070521,   76.1, 195.0,
2870201409, 101716, 070406,   85.1, 190.0,
2870201408, 101716, 070241,  100.9, 326.0,
2870201407, 101716, 070116,  115.6, 247.0,
2870201406, 101716, 070000,  126.3, 179.0,
2870201405, 101716, 065845,  134.9, 184.0,
2870201404, 101716, 065715,  150.3,  83.0,
2870201403, 101716, 065536,  176.8,  62.0,
2880201324, 112816, 065736,    5.7, 116.0,
2880201323, 112816, 065515,   24.6, 134.0,
2880201322, 112816, 065349,   45.5, 117.0,
2880201321, 112816, 065240,   60.7, 129.0,
2880201320, 112816, 065135,   75.0, 180.0,
2880201319, 112816, 065045,   86.3, 229.0,
2880201318, 112816, 064930,  100.0, 280.0,
2880201317, 112816, 064830,  115.8, 166.0,
2880201316, 112816, 064734,  125.6,  97.0,
2880201315, 112816, 064634,  135.3,  42.0,
2880201314, 112816, 064525,  149.9,  24.0,
2880201313, 112816, 064355,  174.9,   6.0,
2890201314, 012517, 071020,    6.6, 129.0,
2890201313, 012517, 070759,   26.0, 140.0,
2890201312, 012517, 070623,   46.4, 133.0,
2890201311, 012517, 070459,   59.4, 153.0,
2890201310, 012517, 070334,   74.8, 231.0,
2890201309, 012517, 070223,   86.1, 377.0,
2890201308, 012517, 070108,   99.0, 372.0,
2890201307, 012517, 065943,  114.6, 181.0,
2890201306, 012517, 065827,  126.7, 118.0,
2890201305, 012517, 065723,  135.8,  74.0,
2890201304, 012517, 065603,  150.2,  32.0,
2890201303, 012517, 065428,  174.5,   5.0,
2900201213, 022417, 083509,    5.0, 115.0,
2900201211, 022417, 083334,   25.9, 132.0,
2900201210, 022417, 083214,   45.7, 140.0,
2900201209, 022417, 083109,   59.9, 138.0,
2900201208, 022417, 083008,   74.8, 190.0,
2900201206, 022417, 082749,  100.4, 244.0,
2900201205, 022417, 082639,  116.1, 231.0,
2900201204, 022417, 082539,  125.4, 163.0,
2900201203, 022417, 082444,  134.3, 133.0,
2900201202, 022417, 082253,  152.3,  96.0,
2900201201, 022417, 082129,  174.5,  49.0,
2910201418, 033017, 070149,    5.7,  64.0,
2910201417, 033017, 070042,   24.9,  58.0,
2910201416, 033017, 065938,   45.2,  75.0,
2910201415, 033017, 065843,   60.0,  82.0,
2910201414, 033017, 065739,   74.5,  98.0,
2910201413, 033017, 065637,   83.8, 146.0,
2910201411, 033017, 065527,  100.3, 197.0,
2910201410, 033017, 065428,  115.0, 220.0,
2910201408, 033017, 065333,  124.7, 308.0,
2910201407, 033017, 065243,  134.5, 300.0,
2910201405, 033017, 065133,  149.8, 229.0,
2910201403, 033017, 065008,  175.0,  54.0,
2920201415, 042717, 065259,    5.2,  51.0,
2920201413, 042717, 065134,   25.1,  75.0,
2920201412, 042717, 065025,   45.0,  83.0,
2920201411, 042717, 064858,   59.9, 107.0,
2920201410, 042717, 064759,   74.3, 141.0,
2920201409, 042717, 064720,   84.8, 160.0,
2920201408, 042717, 064630,   99.8, 155.0,
2920201407, 042717, 064539,  115.1, 284.0,
2920201406, 042717, 064445,  125.5, 258.0,
2920201405, 042717, 064354,  135.8, 267.0,
2920201404, 042717, 064255,  152.5, 186.0,
2920201403, 042717, 064150,  176.0,  33.0,
2930201414, 052517, 070029,    5.3,  48.0,
2930201413, 052517, 065844,   25.6,  58.0,
2930201412, 052517, 065739,   45.9,  88.0,
2930201411, 052517, 065639,   61.4, 114.0,
2930201410, 052517, 065534,   75.5, 133.0,
2930201409, 052517, 065444,   84.5, 164.0,
2930201407, 052517, 065229,  116.0, 253.0,
2930201406, 052517, 065134,  122.6, 267.0,
2930201405, 052517, 065034,  134.3, 248.0,
2930201404, 052517, 064918,  149.8, 188.0,
2930201403, 052517, 064740,  174.6, 120.0,
2940201513, 062217, 071229,   25.6,  57.0,
2940201512, 062217, 071023,   45.4,  74.0,
2940201511, 062217, 070828,   60.2,  99.0,
2940201510, 062217, 070638,   75.9, 152.0,
2940201509, 062217, 070453,   85.8, 158.0,
2940201508, 062217, 070253,  101.0, 230.0,
2940201507, 062217, 070058,  115.8, 264.0,
2940201506, 062217, 065923,  125.8, 335.0,
2940201505, 062217, 065733,  135.7, 273.0,
2940201504, 062217, 065543,  150.5, 198.0,
2940201503, 062217, 065320,  175.7,  43.0,
2950201414, 081017, 065903,    5.4,  84.0,
2950201413, 081017, 065813,   25.1,  79.0,
2950201412, 081017, 065718,   45.1, 107.0,
2950201411, 081017, 065628,   60.3, 134.0,
2950201410, 081017, 065538,   75.6,  68.0,
2950201409, 081017, 065448,   85.5, 154.0,
2950201408, 081017, 065403,  100.2, 168.0,
2950201407, 081017, 065318,  114.8, 351.0,
2950201406, 081017, 065238,  125.8, 221.0,
2950201405, 081017, 065158,  134.7, 121.0,
2950201404, 081017, 065107,  149.4,  54.0,
2950201403, 081017, 065008,  178.2,  19.0,
2960201318, 100817, 072654,    5.4,  84.0,
2960201315, 100817, 072419,   24.9,  62.0,
2960201314, 100817, 072153,   46.9,  71.0,
2960201313, 100817, 072003,   60.5, 106.0,
2960201310, 100817, 071804,   75.2, 141.0,
2960201308, 100817, 071404,  100.9, 176.0,
2960201307, 100817, 071208,  117.3, 215.0,
2960201306, 100817, 071039,  125.2, 262.0,
2960201305, 100817, 070909,  136.3, 234.0,
2960201304, 100817, 070724,  151.6, 171.0,
2960201303, 100817, 070523,  175.4,  30.0,
2970201414, 111017, 070304,    5.7,  40.0,
2970201413, 111017, 070127,   25.8,  80.0,
2970201412, 111017, 065948,   45.5,  85.0,
2970201411, 111017, 065823,   60.8,  98.0,
2970201410, 111017, 065708,   75.6, 209.0,
2970201409, 111017, 065548,   85.7, 217.0,
2970201408, 111017, 065428,  100.6, 288.0,
2970201407, 111017, 065247,  115.5, 187.0,
2970201406, 111017, 065137,  126.0, 130.0,
2970201405, 111017, 065019,  136.0, 110.0,
2970201404, 111017, 064848,  150.8,  44.0,
2970201403, 111017, 064655,  176.1,  19.0,
2980200721, 121317, 104816,    5.8, 146.0,
2980200719, 121317, 104636,   25.1, 158.0,
2980200718, 121317, 104516,   46.3, 162.0,
2980200717, 121317, 104421,   61.1, 149.0,
2980200716, 121317, 104316,   75.6, 194.0,
2980200715, 121317, 104225,   86.1, 165.0,
2980200713, 121317, 104120,   99.9, 194.0,
2980200712, 121317, 104015,  117.2, 126.0,
2980200710, 121317, 103925,  126.2,  79.0,
2980200709, 121317, 103835,  135.2,  63.0,
2980200707, 121317, 103725,  152.0,  15.0,
2980200705, 121317, 103605,  175.8,   5.0,
3000201414, 022718, 071428,    7.0, 136.0,
3000201413, 022718, 071248,   25.6, 105.0,
3000201412, 022718, 071059,   46.2, 144.0,
3000201411, 022718, 070928,   62.1, 280.0,
3000201410, 022718, 070808,   73.9, 379.0,
3000201409, 022718, 070659,   84.8, 304.0,
3000201408, 022718, 070533,  102.4, 290.0,
3000201407, 022718, 070358,  115.5, 321.0,
3000201406, 022718, 070249,  125.3, 305.0,
3000201405, 022718, 070118,  136.5, 276.0,
3000201404, 022718, 070008,  151.6, 229.0,
3000201403, 022718, 065818,  175.7,  43.0,
3010201224, 041918, 125618,    5.1,  60.0,
3010201223, 041918, 125443,   26.7,  48.0,
3010201222, 041918, 125313,   45.3, 103.0,
3010201221, 041918, 125157,   60.8, 148.0,
3010201220, 041918, 125052,   76.3, 177.0,
3010201219, 041918, 124934,   84.8, 211.0,
3010201218, 041918, 124816,  100.3, 339.0,
3010201214, 041918, 124251,  150.4, 167.0,
3010201213, 041918, 124101,  176.8,  44.0,
3020200723, 051618, 142147,    4.8,  72.0,
3020200719, 051618, 141907,   25.9,  82.0,
3020200717, 051618, 141737,   45.0,  77.0,
3020200715, 051618, 141537,   60.2,  97.0,
3020200714, 051618, 141432,   75.1, 130.0,
3020200713, 051618, 141327,   85.6, 145.0,
3020200712, 051618, 141148,  100.9, 179.0,
3020200711, 051618, 141032,  115.4, 203.0,
3020200710, 051618, 140907,  124.8, 346.0,
3020200707, 051618, 140707,  135.9, 267.0,
3020200706, 051618, 140557,  150.4, 188.0,
3020200704, 051618, 140347,  176.9,  57.0,
3030201314, 062818, 071036,    5.8,  61.0,
3030201313, 062818, 070642,   26.8,  61.0,
3030201312, 062818, 070517,   44.1,  73.0,
3030201311, 062818, 070356,   59.9,  95.0,
3030201310, 062818, 070241,   77.5, 120.0,
3030201309, 062818, 070125,   84.8, 143.0,
3030201308, 062818, 070009,   98.1, 166.0,
3030201307, 062818, 065838,  115.3, 264.0,
3030201306, 062818, 065723,  127.0, 334.0,
3030201305, 062818, 065608,  138.3, 281.0,
3030201304, 062818, 065458,  149.0, 172.0,
3030201303, 062818, 065348,  168.9,  56.0,
3040201414, 072618, 065742,    5.5,  69.0,
3040201413, 072618, 065614,   25.8,  97.0,
3040201412, 072618, 065450,   45.3, 122.0,
3040201411, 072618, 065336,   60.7, 139.0,
3040201410, 072618, 065238,   75.3, 178.0,
3040201409, 072618, 065135,   85.5, 203.0,
3040201408, 072618, 065025,   99.7, 266.0,
3040201407, 072618, 064913,  114.9, 285.0,
3040201406, 072618, 064806,  125.2, 212.0,
3040201405, 072618, 064704,  136.0, 138.0,
3040201404, 072618, 064540,  149.9,  83.0,
3040201403, 072618, 064407,  174.6,  13.0,
3050200718, 091118, 101642,    6.1,  54.0,
3050200717, 091118, 101503,   26.2,  41.0,
3050200716, 091118, 101339,   46.0, 107.0,
3050200715, 091118, 101225,   59.7, 116.0,
3050200714, 091118, 101111,   76.0, 134.0,
3050200713, 091118, 101012,   85.8, 192.0,
3050200711, 091118, 100849,  100.8, 456.0,
3050200708, 091118, 100639,  125.6, 259.0,
3050200707, 091118, 100539,  136.1, 124.0,
3050200705, 091118, 100421,  150.3, 104.0,
3050200703, 091118, 100241,  173.8,  64.0,
3060201418, 101418, 070637,    5.9,  71.0,
3060201417, 101418, 070502,   25.4,  74.0,
3060201416, 101418, 070322,   45.2, 124.0,
3060201415, 101418, 070202,   60.1, 140.0,
3060201414, 101418, 070039,   75.3, 186.0,
3060201413, 101418, 065916,   85.2, 267.0,
3060201410, 101418, 065603,  114.8, 401.0,
3060201408, 101418, 065449,  123.4, 333.0,
3060201407, 101418, 065342,  134.5, 182.0,
3060201405, 101418, 065222,  150.0, 117.0,
3060201403, 101418, 065032,  174.5,  54.0,
3070201412, 111818, 071046,   44.3, 142.0,
3070201411, 111818, 070925,   60.1, 257.0,
3070201410, 111818, 070751,   74.8, 330.0,
3070201409, 111818, 070637,   84.2, 356.0,
3070201408, 111818, 070508,  100.2, 303.0,
3070201407, 111818, 070341,  113.8, 236.0,
3070201406, 111818, 070226,  126.1, 138.0,
3070201405, 111818, 070118,  135.7,  69.0,
3070201404, 111818, 065950,  151.1,  16.0,
3070201403, 111818, 065752,  174.2,   7.0,
3070201524, 111818, 130552,    4.7, 121.0,
3070201523, 111818, 130448,   25.0, 122.0,
3090201414, 011719, 072116,    4.6, 109.0,
3090201412, 011719, 071801,   44.2, 176.0,
3090201411, 011719, 071636,   59.7, 220.0,
3090201410, 011719, 071511,   75.5, 313.0,
3090201409, 011719, 071351,   84.2, 279.0,
3090201408, 011719, 071236,   99.7, 268.0,
3090201407, 011719, 071106,  115.9, 249.0,
3090201406, 011719, 071001,  124.5, 189.0,
3090201405, 011719, 070836,  134.5, 114.0,
3090201404, 011719, 070721,  149.4,  53.0,
3090201403, 011719, 070531,  175.9,  36.0,
3100201023, 022119, 073323,    5.4, 109.0,
3100201022, 022119, 073139,   24.5, 164.0,
3100201020, 022119, 073000,   43.9, 151.0,
3100201018, 022119, 072823,   57.3, 234.0,
3100201017, 022119, 072653,   72.9, 326.0,
3100201015, 022119, 072403,   98.3, 281.0,
3100201014, 022119, 072238,  113.6, 281.0,
3100201011, 022119, 072003,  135.3, 157.0,
3100201010, 022119, 071835,  151.2, 117.0,
3100201008, 022119, 071646,  174.2,  24.0,
3110201424, 050419, 070239,    4.3,  67.0,
3110201412, 050419, 065939,   24.2,  84.0,
3110201411, 050419, 065756,   44.8,  92.0,
3110201410, 050419, 065611,   60.0, 116.0,
3110201409, 050419, 065419,   75.0, 150.0,
3110201408, 050419, 065259,   84.9, 185.0,
3110201407, 050419, 065024,   99.8, 234.0,
3110201406, 050419, 064854,  114.1, 347.0,
3110201405, 050419, 064735,  124.4, 384.0,
3110201404, 050419, 064614,  134.5, 279.0,
3110201403, 050419, 064444,  150.2, 197.0,
3110201402, 050419, 064249,  174.5,  88.0,
3120201421, 061319, 070256,    3.0,  58.0,
3120201419, 061319, 070120,   25.6,  60.0,
3120201417, 061319, 070002,   45.6,  99.0,
3120201416, 061319, 065900,   59.2, 113.0,
3120201415, 061319, 065750,   75.1, 144.0,
3120201414, 061319, 065655,   84.1, 167.0,
3120201409, 061319, 065510,  100.1, 236.0,
3120201408, 061319, 065355,  115.0, 327.0,
3120201406, 061319, 065245,  124.4, 367.0,
3120201405, 061319, 065135,  134.9, 235.0,
3120201404, 061319, 065021,  149.4,  96.0,
3120201403, 061319, 064841,  177.0,  51.0,
3130201419, 070319, 070140,    4.4,  60.0,
3130201417, 070319, 065955,   24.7,  68.0,
3130201415, 070319, 065806,   44.7,  67.0,
3130201414, 070319, 065640,   59.4,  69.0,
3130201412, 070319, 065506,   74.5, 120.0,
3130201411, 070319, 065345,   84.9, 133.0,
3130201409, 070319, 065216,   99.3, 169.0,
3130201408, 070319, 065045,  114.3, 334.0,
3130201406, 070319, 064930,  124.6, 356.0,
3130201405, 070319, 064815,  134.8, 371.0,
3130201404, 070319, 064700,  149.6, 222.0,
3130201403, 070319, 064500,  175.1,  52.0,
3140201419, 080419, 072631,    4.2,  76.0,
3140201417, 080419, 072449,   25.4,  89.0,
3140201415, 080419, 072316,   43.6, 117.0,
3140201414, 080419, 072205,   59.1, 147.0,
3140201412, 080419, 072050,   74.1, 146.0,
3140201411, 080419, 072000,   84.6, 190.0,
3140201409, 080419, 071848,   98.9, 210.0,
3140201408, 080419, 071739,  114.8, 298.0,
3140201406, 080419, 071636,  124.9, 294.0,
3140201405, 080419, 071544,  133.7, 306.0,
3140201404, 080419, 071441,  149.7, 214.0,
3140201403, 080419, 071336,  173.6,  51.0,
3150201420, 090619, 065843,    5.1,  31.0,
3150201418, 090619, 065703,   24.4,  66.0,
3150201416, 090619, 065505,   46.1, 114.0,
3150201415, 090619, 065329,   60.1, 122.0,
3150201413, 090619, 065154,   75.0, 185.0,
3150201412, 090619, 065043,   84.1, 200.0,
3150201410, 090619, 064905,   99.6, 326.0,
3150201409, 090619, 064743,  113.7, 295.0,
3150201407, 090619, 064608,  124.5, 188.0,
3150201406, 090619, 064443,  133.3, 145.0,
3150201404, 090619, 064258,  149.0, 109.0,
3150201403, 090619, 064118,  174.5,  54.0,
3160201317, 101919, 065211,    4.7, 115.0,
3160201314, 101919, 064937,   25.3, 106.0,
3160201313, 101919, 064806,   44.9,  98.0,
3160201312, 101919, 064652,   59.0, 144.0,
3160201311, 101919, 064537,   74.8, 205.0,
3160201310, 101919, 064439,   84.0, 204.0,
3160201309, 101919, 064326,   99.4, 273.0,
3160201308, 101919, 064137,  114.2, 362.0,
3160201307, 101919, 064037,  124.3, 267.0,
3160201306, 101919, 063937,  134.3, 135.0,
3160201305, 101919, 063827,  149.5,  65.0,
3160201304, 101919, 063709,  175.9,  19.0,
3170200720, 122019, 101807,    5.3, 142.0,
3170200717, 122019, 101621,   24.5, 143.0,
3170200716, 122019, 101509,   42.0, 137.0,
3170200715, 122019, 101405,   58.8, 146.0,
3170200714, 122019, 101235,   74.9, 152.0,
3170200713, 122019, 101133,   82.9, 137.0,
3170200711, 122019, 101013,  100.3, 154.0,
3170200710, 122019, 100858,  114.0, 260.0,
3170200708, 122019, 100737,  123.6, 370.0,
3170200707, 122019, 100633,  134.5, 157.0,
3170200706, 122019, 100521,  147.8,  68.0,
3170200703, 122019, 100336,  173.4,  13.0,
3180200617, 010820, 132749,    5.1, 140.0,
3180200615, 010820, 132540,   24.4, 142.0,
3180200614, 010820, 132332,   43.6, 152.0,
3180200613, 010820, 132203,   60.0, 147.0,
3180200612, 010820, 132007,   74.5, 170.0,
3180200611, 010820, 131851,   84.4, 271.0,
3180200610, 010820, 131719,   98.8, 335.0,
3180200609, 010820, 131543,  115.4, 253.0,
3180200608, 010820, 131400,  123.9, 122.0,
3180200607, 010820, 131235,  134.3,  74.0,
3180200606, 010820, 131108,  150.4,  14.0,
3180200605, 010820, 130919,  172.0,   6.0,
3190201224, 020120, 081658,    5.0, 101.0,
3190201213, 020120, 081407,   26.1,  60.0,
3190201212, 020120, 081207,   44.8, 108.0,
3190201211, 020120, 081005,   59.3, 113.0,
3190201210, 020120, 080809,   75.7, 134.0,
3190201209, 020120, 080631,   85.4, 154.0,
3190201208, 020120, 080447,   99.9, 172.0,
3190201207, 020120, 080259,  115.2, 256.0,
3190201206, 020120, 080127,  125.5, 364.0,
3190201205, 020120, 075957,  135.5, 315.0,
3190201204, 020120, 075804,  149.3, 102.0,
3190201203, 020120, 075555,  174.5,  28.0,
3200201518, 071720, 070139,    5.2,  53.0,
3200201517, 071720, 070005,   25.2,  58.0,
3200201516, 071720, 065843,   44.6, 105.0,
3200201515, 071720, 065731,   61.2,  85.0,
3200201514, 071720, 065621,   74.6, 133.0,
3200201513, 071720, 065523,   83.7, 154.0,
3200201511, 071720, 065405,   99.6, 266.0,
3200201510, 071720, 065254,  113.8, 464.0,
3200201508, 071720, 065139,  124.7, 358.0,
3200201507, 071720, 065031,  134.7, 299.0,
3200201505, 071720, 064906,  150.9, 143.0,
3200201503, 071720, 064723,  175.7,  64.0,
3210201614, 081020, 070439,    5.0, 124.0,
3210201613, 081020, 070316,   24.2, 147.0,
3210201612, 081020, 070133,   45.9, 146.0,
3210201611, 081020, 070020,   59.6, 300.0,
3210201610, 081020, 065853,   75.5, 286.0,
3210201609, 081020, 065729,   85.4, 313.0,
3210201608, 081020, 065553,  100.1, 380.0,
3210201607, 081020, 065415,  114.9, 351.0,
3210201606, 081020, 065249,  124.3, 331.0,
3210201605, 081020, 065125,  133.7, 261.0,
3210201604, 081020, 064939,  150.8, 131.0,
3210201603, 081020, 064746,  174.8,  71.0,
3220201815, 090520, 070013,    4.7,  59.0,
3220201813, 090520, 065831,   24.1,  58.0,
3220201812, 090520, 065647,   45.8,  76.0,
3220201811, 090520, 065507,   59.8,  84.0,
3220201810, 090520, 065350,   74.6, 157.0,
3220201809, 090520, 065256,   84.7, 205.0,
3220201808, 090520, 065119,  100.4, 348.0,
3220201807, 090520, 064950,  115.8, 396.0,
3220201806, 090520, 064840,  125.1, 328.0,
3220201805, 090520, 064725,  135.4, 198.0,
3220201804, 090520, 064611,  149.8, 147.0,
3220201803, 090520, 064454,  174.2,  48.0,
3230201514, 092920, 071152,    4.6,  58.0,
3230201512, 092920, 070802,   45.2,  85.0,
3230201511, 092920, 070632,   58.3,  80.0,
3230201510, 092920, 070502,   75.7, 376.0,
3230201509, 092920, 070341,   85.5, 391.0,
3230201508, 092920, 070211,   99.0, 286.0,
3230201507, 092920, 070036,  114.9, 227.0,
3230201506, 092920, 065926,  124.8, 170.0,
3230201505, 092920, 065806,  135.3, 151.0,
3230201504, 092920, 065652,  150.6, 119.0,
3230201503, 092920, 065526,  175.2,  47.0,
3240201514, 112120, 070335,    4.5, 158.0,
3240201513, 112120, 070155,   24.9, 158.0,
3240201512, 112120, 070020,   44.2, 177.0,
3240201511, 112120, 065854,   60.2, 156.0,
3240201510, 112120, 065735,   74.2, 185.0,
3240201509, 112120, 065615,   84.3, 392.0,
3240201508, 112120, 065509,   99.4, 279.0,
3240201507, 112120, 065359,  114.3, 164.0,
3240201506, 112120, 065300,  123.3, 148.0,
3240201505, 112120, 065145,  135.3,  72.0,
3240201504, 112120, 065015,  151.6,  42.0,
3240201503, 112120, 064850,  173.7,  16.0,
3250201416, 122020, 064528,    4.7, 127.0,
3250201414, 122020, 064352,   23.8, 156.0,
3250201412, 122020, 064121,   59.8, 155.0,
3250201411, 122020, 064003,   74.4, 183.0,
3250201410, 122020, 063841,   84.8, 178.0,
3250201409, 122020, 063734,   99.8, 314.0,
3250201408, 122020, 063646,  103.2, 284.0,
3250201407, 122020, 063534,  114.2, 176.0,
3250201406, 122020, 063437,  123.5, 137.0,
3250201405, 122020, 063345,  133.9,  55.0,
3250201404, 122020, 063237,  150.3,  28.0,
3250201403, 122020, 063118,  172.8,  12.0,
3260201414, 011421, 071711,    4.3,  84.0,
3260201413, 011421, 071606,   23.2,  84.0,
3260201412, 011421, 071448,   46.1,  98.0,
3260201411, 011421, 071355,   59.1,  97.0,
3260201410, 011421, 071253,   75.1, 109.0,
3260201409, 011421, 071202,   85.1, 127.0,
3260201408, 011421, 071048,   99.1, 224.0,
3260201407, 011421, 070918,  115.0, 382.0,
3260201406, 011421, 070812,  125.7, 269.0,
3260201405, 011421, 070706,  134.6, 143.0,
3260201404, 011421, 070547,  148.9,  66.0,
3260201403, 011421, 070421,  171.8,  18.0,
3270201414, 021821, 071024,    4.5, 106.0,
3270201413, 021821, 070859,   24.0, 111.0,
3270201412, 021821, 070729,   45.7, 140.0,
3270201411, 021821, 070619,   58.5, 145.0,
3270201410, 021821, 070459,   74.7, 191.0,
3270201409, 021821, 070349,   83.2, 236.0,
3270201408, 021821, 070229,   99.5, 218.0,
3270201407, 021821, 070108,  112.6, 203.0,
3270201406, 021821, 070004,  124.3, 179.0,
3270201405, 021821, 065853,  133.1, 320.0,
3270201404, 021821, 065739,  148.8, 256.0,
3270201403, 021821, 065459,  174.0, 124.0,
3280201023, 032521, 072225,    5.2, 103.0,
3280201021, 032521, 072045,   25.8, 107.0,
3280201019, 032521, 071901,   44.3, 126.0,
3280201018, 032521, 071730,   60.5, 142.0,
3280201014, 032521, 071541,   75.3, 180.0,
3280201013, 032521, 071421,   85.5, 225.0,
3280201010, 032521, 071225,   99.3, 333.0,
3280201009, 032521, 071055,  115.3, 429.0,
3280201006, 032521, 070911,  125.6, 299.0,
3280201005, 032521, 070726,  135.7, 158.0,
3280201004, 032521, 070555,  149.5, 118.0,
3280201003, 032521, 070335,  175.3,  50.0,
3290201424, 041521, 070445,    4.5,  79.0,
3290201423, 041521, 070248,   24.9,  83.0,
3290201422, 041521, 070116,   44.9,  85.0,
3290201421, 041521, 065943,   60.1, 107.0,
3290201410, 041521, 065607,   74.9, 178.0,
3290201409, 041521, 065430,   85.3, 191.0,
3290201408, 041521, 065147,   97.8, 423.0,
3290201407, 041521, 064957,  113.4, 521.0,
3290201406, 041521, 064851,  122.7, 359.0,
3290201405, 041521, 064755,  134.5, 281.0,
3290201404, 041521, 064645,  148.1, 151.0,
3290201403, 041521, 064527,  173.9,  31.0,
3300201424, 051821, 070500,    4.9,  36.0,
3300201423, 051821, 070320,   23.9,  72.0,
3300201422, 051821, 070135,   45.1,  85.0,
3300201421, 051821, 065945,   58.2,  97.0,
3300201420, 051821, 065844,   71.8, 147.0,
3300201419, 051821, 065740,   83.2, 171.0,
3300201418, 051821, 065630,   99.3, 193.0,
3300201417, 051821, 065525,  113.3, 262.0,
3300201416, 051821, 065430,  123.7, 344.0,
3300201405, 051821, 065150,  133.7, 456.0,
3300201404, 051821, 065040,  149.8, 308.0,
3300201403, 051821, 064920,  172.9, 161.0,
3310201224, 062421, 071716,    4.9,  63.0,
3310201223, 062421, 071600,   25.2,  61.0,
3310201222, 062421, 071441,   45.3,  81.0,
3310201221, 062421, 071316,   60.1, 119.0,
3310201220, 062421, 071141,   75.3, 179.0,
3310201219, 062421, 071016,   85.7, 217.0,
3310201218, 062421, 070846,  100.9, 308.0,
3310201216, 062421, 070626,  115.4, 375.0,
3310201214, 062421, 070426,  125.8, 340.0,
3310201212, 062421, 070225,  136.1, 272.0,
3310201209, 062421, 065926,  150.6, 129.0,
3310201204, 062421, 065426,  176.3,  30.0,
3320201314, 071821, 074517,    5.0,  57.0,
3320201313, 071821, 074343,   25.7,  62.0,
3320201312, 071821, 074153,   46.6,  69.0,
3320201311, 071821, 074018,   60.6, 103.0,
3320201310, 071821, 073918,   75.4, 132.0,
3320201309, 071821, 073814,   85.3, 166.0,
3320201308, 071821, 073652,  101.5, 179.0,
3320201307, 071821, 073548,  114.5, 258.0,
3320201306, 071821, 073448,  124.7, 254.0,
3320201305, 071821, 073348,  135.4, 282.0,
3320201304, 071821, 073243,  150.8, 269.0,
3320201303, 071821, 073123,  175.0, 164.0,
3330201720, 103121, 070907,    4.9,  75.0,
3330201719, 103121, 070718,   23.4,  70.0,
3330201717, 103121, 070512,   44.2, 107.0,
3330201715, 103121, 070232,   59.9, 145.0,
3330201714, 103121, 070052,   75.8, 234.0,
3330201713, 103121, 065932,   85.2, 268.0,
3330201712, 103121, 065758,  100.3, 321.0,
3330201711, 103121, 065632,  114.7, 348.0,
3330201709, 103121, 065452,  125.3, 306.0,
3330201708, 103121, 065310,  135.8, 290.0,
3330201706, 103121, 065107,  150.3, 213.0,
3330201705, 103121, 064907,  174.8,  68.0,
3340200919, 120721, 071524,    5.1, 190.0,
3340200917, 120721, 071317,   24.7, 204.0,
3340200916, 120721, 071142,   45.1, 198.0,
3340200915, 120721, 071022,   60.5, 191.0,
3340200914, 120721, 070858,   75.4, 174.0,
3340200913, 120721, 070747,   85.6, 167.0,
3340200912, 120721, 070627,  100.2, 312.0,
3340200911, 120721, 070512,  115.4, 250.0,
3340200910, 120721, 070407,  124.4, 224.0,
3340200909, 120721, 070252,  134.5, 175.0,
3340200908, 120721, 070117,  149.3,  94.0,
3340200907, 120721, 065922,  175.9,  26.0,
3350201418, 032922, 073958,    5.2,  71.0,
3350201413, 032922, 073806,   25.0,  73.0,
3350201412, 032922, 073629,   44.9,  72.0,
3350201411, 032922, 073458,   59.7,  77.0,
3350201410, 032922, 073328,   74.7, 103.0,
3350201409, 032922, 073218,   83.7, 113.0,
3350201408, 032922, 073053,  100.3, 138.0,
3350201407, 032922, 072928,  114.6, 207.0,
3350201406, 032922, 072813,  125.0, 330.0,
3350201405, 032922, 072658,  132.3, 292.0,
3350201404, 032922, 072519,  150.3, 180.0,
3350201403, 032922, 072346,  174.5,  42.0,
3360201417, 052822, 074258,   24.5,  68.0,
3360201416, 052822, 074133,   44.4,  84.0,
3360201415, 052822, 074003,   58.1, 100.0,
3360201414, 052822, 073903,   73.5, 180.0,
3360201413, 052822, 073808,   83.0, 199.0,
3360201412, 052822, 073708,   98.3, 259.0,
3360201411, 052822, 073608,  113.5, 335.0,
3360201410, 052822, 073518,  123.6, 248.0,
3360201409, 052822, 073428,  133.1, 264.0,
3360201408, 052822, 073329,  148.2, 152.0,
3360201407, 052822, 073209,  173.6,  53.0,
3370201418, 071122, 070858,    5.0,  39.0,
3370201417, 071122, 070715,   23.7, 106.0,
3370201416, 071122, 070534,   43.1, 149.0,
3370201415, 071122, 070348,   58.9, 185.0,
3370201414, 071122, 070248,   73.4, 267.0,
3370201413, 071122, 070138,   82.3, 256.0,
3370201412, 071122, 070018,   98.6, 307.0,
3370201411, 071122, 065908,  113.9, 238.0,
3370201410, 071122, 065758,  122.9, 213.0,
3370201409, 071122, 065653,  133.7, 206.0,
3370201408, 071122, 065536,  148.4, 168.0,
3370201407, 071122, 065408,  173.3,  84.0,
3380201414, 080122, 071002,    4.1,  61.0,
3380201413, 080122, 070823,   24.6,  62.0,
3380201412, 080122, 070702,   43.4, 107.0,
3380201411, 080122, 070547,   58.3, 136.0,
3380201410, 080122, 070432,   74.3, 194.0,
3380201409, 080122, 070328,   83.3, 215.0,
3380201408, 080122, 070222,   98.0, 275.0,
3380201407, 080122, 070112,  113.2, 444.0,
3380201406, 080122, 065952,  122.6, 381.0,
3380201405, 080122, 065852,  133.5, 250.0,
3380201404, 080122, 065747,  148.8, 142.0,
3380201403, 080122, 065617,  173.0,  51.0,
3390201421, 090322, 070138,    4.6,  98.0,
3390201420, 090322, 070003,   25.6,  46.0,
3390201419, 090322, 065838,   44.6, 158.0,
3390201418, 090322, 065723,   59.7, 182.0,
3390201417, 090322, 065603,   74.8, 237.0,
3390201416, 090322, 065454,   85.0, 317.0,
3390201415, 090322, 065336,   99.8, 343.0,
3390201413, 090322, 065224,  113.7, 390.0,
3390201412, 090322, 065125,  124.0, 339.0,
3390201410, 090322, 065018,  133.7, 274.0,
3390201409, 090322, 064908,  148.5, 193.0,
3390201408, 090322, 064722,  173.9, 102.0,