Hawaii Ocean Time-series : 10-Aug-2023 02:48:48
https://hahana.soest.hawaii.edu/hot/hot-dogs/bextraction.html

botid, date, time, press, phos, 
#, mmddyy, hhmmss, dbar, umol/kg, 
0010201108, 110188, 120300,   77.8,   0.08,
0020200507, 120288, 141647,   71.1,   0.08,
0020200807, 120288, 224941,   79.2,   0.11,
0030200407, 010889, 143045,   72.7,   0.07,
0030200608, 010889, 235244,   79.4,   0.09,
0040200108, 022789, 222651,   78.4,   0.04,
0040200605, 022889, 150732,   71.8,   0.07,
0050201611, 032989, 013329,   71.7,   0.08,
0060200508, 051889, 093731,   79.0,   0.12,
0070200211, 062489, 033327,   79.6,   0.12,
0080200508, 072989, 072620,   77.3,   0.07,
0090200508, 082489, 055147,   76.1,   0.08,
0100201219, 092389, 102006,   79.0,   0.06,
0110200320, 101889, 062947,   78.9,   0.03,
0110201613, 101989, 214504,   76.4,   0.02,
0120200320, 112889, 104319,   80.0,   0.07,
0120200609, 112889, 202949,   76.5,   0.07,
0130200220, 010490, 204859,   77.2,   0.07,
0130200219, 010490, 204717,   77.2,   0.07,
0130200409, 010590, 050321,   75.5,   0.05,
0140201120, 021690, 144639,   77.6,   0.13,
0140201217, 021690, 173556,   75.6,   0.09,
0150200420, 031990, 003933,   75.5,   0.12,
0150200707, 031990, 114116,   75.1,   0.14,
0160200706, 041390, 090709,   78.0,   0.06,
0170200314, 050890, 223859,   72.3,   0.06,
0170200515, 050990, 050235,   77.4,   0.05,
0180200220, 061290, 220452,   78.3,   0.09,
0180200515, 061390, 070606,   76.0,   0.09,
0190200614, 072590, 094530,   77.4,   0.09,
0220200219, 121790, 202356,   70.6,   0.07,
0220200515, 121890, 074258,   76.5,   0.05,
0230200315, 020391, 080754,   75.6,   0.06,
0240200115, 030691, 201900,   78.9,   0.06,
0240200720, 030891, 224313,   72.9,   0.07,
0250200514, 041091, 074317,   77.5,   0.06,
0260200414, 050891, 113100,   78.0,   0.04,
0270200615, 060591, 070211,   78.2,   0.04,
0280200514, 071091, 065843,   73.9,   0.10,
0290200220, 080991, 210443,   71.8,   0.09,
0290200615, 081091, 095735,   75.7,   0.06,
0300200219, 091791, 200209,   76.8,   0.04,
0310200221, 102191, 022445,   71.7,   0.04,
0310200510, 102191, 103606,   76.8,   0.06,
0320200605, 120691, 085605,   75.4,   0.11,
0330200219, -00009, -00009,   72.9,   0.06,
0330200506, -00009, -00009,   77.4,   0.04,
0340201210, 021592, 125447,   77.3,   0.07,
0350200305, -00009, -00009,   78.2,   0.10,
0360200514, -00009, -00009,   78.5,   0.07,
0370200415, 060992, 070851,   74.9,   0.09,
0380200614, 070592, 083151,   78.1,   0.04,
0400200217, -00009, -00009,   76.8,   0.07,
0400200615, -00009, -00009,   74.7,   0.06,
0410200614, -00009, -00009,   74.7,   0.07,
0420200206, -00009, -00009,   75.0,   0.10,
0430200606, -00009, -00009,   75.0,   0.05,
0440200507, 012093, 095907,   75.5,   0.04,
0450200614, 021793, 070157,   74.3,   0.07,
0460200316, 041493, 070643,   75.5,   0.05,
0470200123, 052093, 012905,   78.9,   0.08,
0470200916, 052193, 015822,   74.7,   0.01,
0490200223, -00009, -00009,   74.2,   0.02,
0490200716, 091493, 062523,   76.2,   0.02,
0500200615, 102993, 073442,   78.9,   0.01,
0510200415, 012094, 090613,   76.6,   0.03,
0520200223, 021694, 213740,   79.6,   0.09,
0520200511, 021794, 065000,   77.8,   0.07,
0530200614, 030994, 060130,   75.0,   0.04,
0540201314, 061994, 225807,   75.4,   0.04,
0550200219, 072594, 014255,   77.1,   0.05,
0550200416, 072594, 080028,   74.3,   0.03,
0560200222, 082994, 213946,   76.2,   0.04,
0560200514, 083094, 063820,   75.9,   0.03,
0580200222, 101494, 221002,   70.9,   0.05,
0580200615, 101594, 085919,   74.5,   0.04,
0590200514, 112094, 073739,   74.0,   0.01,
0600200221, 020595, 231040,   74.2,   0.09,
0600200515, 020695, 075314,   74.9,   0.10,
0610200222, 030495, 022219,   75.9,   0.07,
0610200415, 030495, 075325,   78.0,   0.11,
0620201517, 040795, 130840,   74.3,   0.10,
0630200515, 050795, 085509,   75.6,   0.04,
0640200516, 073095, 082228,   74.9,   0.07,
0650200221, 082895, 013735,   75.3,   0.03,
0650200417, 082895, 072757,   74.4,   0.03,
0660200320, 092795, 010314,   70.2,   0.06,
0660200420, 092795, 040706,   73.9,   0.05,
0660200515, 092795, 065545,   74.5,   0.04,
0670200615, 102795, 055948,   75.0,   0.00,
0680200221, 111695, 180001,   77.6,   0.08,
0680200615, 111795, 055436,   74.5,   0.07,
0690200714, 011796, 075136,   74.6,   0.08,
0700200614, 032796, 075412,   72.8,   0.06,
0710200223, 042396, 190908,   76.6,   0.09,
0710200615, 042496, 065613,   74.1,   0.10,
0720200214, 052296, 060206,   75.1,   0.07,
0730200615, 062696, 065721,   74.4,   0.06,
0740200615, 072796, 065009,   74.8,   0.07,
0750200221, 082096, 202337,   76.1,   0.06,
0750200616, 082196, 075507,   74.5,   0.05,
0760200123, 100196, 145712,   79.4,   0.04,
0760200221, 100196, 180649,   70.0,   0.04,
0760200616, 100296, 065318,   73.8,   0.03,
0770200219, 103096, 010839,   72.7,   0.06,
0770200415, 103096, 065528,   74.1,   0.06,
0780200223, 121096, 210659,   74.9,   0.03,
0780200614, 121196, 092411,   74.2,   0.04,
0790200615, 010897, 075713,   75.0,   0.11,
0800200615, 021897, 070040,   74.5,   0.08,
0810200123, 031197, 174128,   73.0,   0.09,
0810200223, 031197, 203641,   74.8,   0.05,
0810200615, 031297, 065946,   75.2,   0.06,
0820200222, 040897, 190925,   77.7,   0.13,
0820200615, 040997, 070052,   75.0,   0.15,
0830200618, 050797, 065548,   74.6,   0.08,
0840200223, 060397, 191231,   72.9,   0.07,
0840200615, 060497, 065231,   75.4,   0.06,
0850200222, 070897, 200906,   74.7,   0.04,
0850200615, 070997, 065909,   75.3,   0.04,
0860200215, 080297, 075501,   77.3,   0.07,
0860201323, 080397, 190229,   77.2,   0.05,
0870200215, 092597, 085908,   75.5,   0.04,
0870200622, 092597, 215231,   72.9,   0.02,
0880200215, 120597, 050152,   73.8,   0.08,
0890200223, 011098, 191100,   73.9,   0.06,
0890200615, 011198, 065317,   75.3,   0.03,
0900200515, 021998, 055616,   74.0,   0.07,
0910200615, 031898, 065612,   74.6,   0.09,
0920200615, 041598, 070034,   74.3,   0.07,
0930200615, 051398, 070007,   74.6,   0.06,
0940200123, 061698, 230856,   77.1,   0.06,
0940200315, 061798, 080449,   74.7,   0.06,
0950200221, 071598, 050346,   74.7,   0.04,
0950200315, 071598, 080131,   75.6,   0.08,
0960200315, 081098, 065930,   75.1,   0.15,
0970200315, 092898, 075707,   75.0,   0.07,
0980200222, 101898, 200518,   78.2,   0.07,
0980200615, 101998, 075741,   74.8,   0.07,
0990200222, 111098, 191519,   76.6,   0.03,
0990200615, 111198, 065622,   75.7,   0.04,
1000200615, 120998, 085456,   75.6,   0.06,
1010200615, 011399, 095132,   74.6,   0.12,
1020200415, 021899, 092129,   76.1,   0.13,
1030200615, 031799, 075303,   75.3,   0.06,
1040200816, 041499, 095058,   75.1,   0.14,
1050200615, 051099, 075546,   75.7,   0.09,
1060200615, 071499, 075415,   73.9,   0.11,
1070200915, 081499, 075021,   75.0,   0.12,
1080200222, 101499, 205845,   79.8,   0.14,
1080200615, 101599, 084832,   74.1,   0.09,
1090200222, 110899, 194336,   78.4,   0.04,
1090200615, 110999, 065047,   74.9,   0.03,
1100200615, 121599, 074945,   74.5,   0.10,
1110200615, 020300, 065732,   74.7,   0.08,
1120200715, 030100, 064934,   75.6,   0.10,
1130200615, 032900, 074821,   74.2,   0.05,
1140200615, 042600, 075153,   75.0,   0.11,
1150200222, 052300, 195603,   75.8,   0.02,
1150200615, 052400, 075120,   74.1,   0.07,
1160200322, 062000, 195340,   74.4,   0.05,
1160200715, 062100, 075255,   74.8,   0.04,
1170200515, 072600, 075924,   75.1,   0.03,
1180200715, 082300, 065010,   73.9,   0.08,
1190200323, 101700, 220248,   72.3,   0.04,
1190200713, 101800, 095723,   75.0,   0.07,
1200200614, 113000, 065213,   74.5,   0.09,
1210200811, 122000, 094904,   72.8,   0.11,
1220200611, 011701, 064400,   74.1,   0.12,
1230200312, 021501, 031005,   73.8,   0.05,
1240200114, 032101, 013101,   73.4,   0.05,
1240200323, 032101, 100018,   73.3,   0.07,
1250200222, 041701, 190240,   78.4,   0.07,
1260200611, 051701, 064810,   75.0,   0.05,
1290201521, 080901, 065608,   74.5,   0.05,
1300200222, 100101, 190518,   72.3,   0.01,
1350200221, 022002, 190110,   75.2,   0.05,
1360200323, 031202, 185924,   74.6,   0.03,
1410200223, 110302, 192018,   73.8,   0.03,
1440200222, 011603, 220835,   71.1,   0.02,
1450200222, 022503, 190040,   74.1,   0.03,
1480200222, 052003, 195610,   76.9,   0.03,
1500200222, 071903, 192838,   75.1,   0.02,
1530200222, 110903, 191939,   79.0,   0.01,
1560200222, 022404, 190118,   73.4,   0.06,
1590200222, 051804, 185644,   74.0,   0.08,
1610200314, 071404, 001933,   74.4,   0.00,
1650200323, 112704, 192934,   71.2,   0.04,
1690200222, 051705, 233414,   79.1,   0.03,
1710201519, 071805, 041804,   76.1,   0.00,
1720200423, 081305, 213636,   71.0,   0.04,
1780200522, 021406, 222425,   71.3,   0.02,
1830200522, 071206, 224728,   74.3,   0.05,
1870200423, 110806, 224554,   71.1,   0.01,
1870200422, 110806, 224504,   77.5,   0.01,
1930200122, 070707, 153540,   70.2,   0.01,
2020200422, 062508, 224133,   79.8,   0.04,
2040200422, 081608, 222403,   75.9,   0.06,
2060200423, 120108, 000305,   71.3,   0.05,
2080200422, 012009, 232354,   75.9,   0.02,
2110200422, 052709, 224630,   71.2,   0.02,
2130200422, 072509, 103713,   72.7,   0.05,
2170200522, 120909, 220514,   76.2,   0.06,
2190200515, 031010, 182621,   75.3,   0.10,
2200200715, 040710, 065754,   76.6,   0.08,
2210200521, 051810, 221414,   75.3,   0.08,
2210200815, 051910, 065735,   74.5,   0.08,
2220200815, 060910, 070134,   74.1,   0.02,
2230200521, 070810, 233845,   70.2,   0.02,
2230200815, 070910, 084749,   74.4,   0.03,
2240200815, 080810, 070934,   75.5,   0.11,
2250200815, 090410, 102658,   76.0,   0.10,
2260200524, 100310, 221450,   75.0,   0.06,
2260200815, 100410, 070552,   75.3,   0.07,
2270200115, 112110, 062950,   74.8,   0.10,
2290200715, 012911, 065243,   74.6,   0.04,
2300200715, 030111, 065357,   75.4,   0.03,
2310200615, 041211, 090537,   75.5,   0.08,
2320200715, 051011, 072507,   75.3,   0.02,
2330200622, 072011, 020010,   77.6,   0.08,
2330200915, 072011, 104116,   74.8,   0.11,
2340200415, 083111, 011010,   74.9,   0.03,
2340201422, 090111, 070728,   78.4,   0.08,
2350200215, 092711, 005709,   76.1,   0.01,
2360200715, 110511, 095112,   74.9,   0.04,
2370200415, 112911, 084303,   74.8,   0.05,
2380200615, 122011, 060347,   73.9,   0.07,
2390200422, 011812, 224555,   70.3,   0.07,
2390200715, 011912, 064926,   76.1,   0.09,
2400200415, 032512, 182540,   76.3,   0.06,
2410201215, 050312, 215216,   73.1,   0.16,
2420200322, 053012, 223314,   74.4,   0.05,
2420201315, 060112, 040824,   74.9,   0.07,
2430200323, 062712, 005914,   71.4,   0.13,
2430200815, 062712, 161819,   74.8,   0.05,
2440200715, 080112, 065132,   75.1,   0.08,
2450200615, 081812, 065109,   75.0,   0.10,
2460200322, 091412, 231932,   78.6,   0.10,
2460200615, 091512, 070020,   75.4,   0.12,
2470200615, 100812, 074231,   75.3,   0.10,
2480200322, 120412, 005256,   73.0,   0.09,
2480200615, 120412, 082232,   75.9,   0.09,
2490200615, 021313, 070327,   75.9,   0.08,
2500200715, 030713, 071037,   75.2,   0.06,
2510200615, 040613, 070126,   75.5,   0.07,
2520200422, 051713, 232137,   72.7,   0.10,
2520200715, 051813, 071219,   74.6,   0.12,
2530200715, 062613, 070959,   75.5,   0.12,
2540200322, 091113, 224320,   70.5,   0.02,
2540200615, 091213, 070125,   75.1,   0.01,
2550200322, 100113, 222612,   75.7,   0.02,
2550200615, 100213, 065502,   76.7,   0.04,
2560200615, 102813, 070236,   75.0,   0.12,
2570200615, 112713, 071338,   74.8,   0.06,
2580200324, 122013, 223540,   70.5,   0.04,
2580200615, 122113, 071017,   75.2,   0.04,
2590200615, 011614, 072543,   75.3,   0.06,
2600200615, 021514, 090638,   75.8,   0.02,
2610200615, 030614, 070743,   75.5,   0.03,
2620200615, 041114, 070234,   75.1,   0.05,
2630200515, 060114, 065536,   75.0,   0.02,
2640200321, 063014, 220929,   77.9,   0.00,
2640200615, 070114, 071208,   75.5,   0.03,
2650200322, 091414, 220603,   79.6,   0.08,
2650200615, 091514, 071045,   75.5,   0.08,
2660200322, 101314, 221501,   79.1,   0.10,
2660200615, 101414, 071254,   75.2,   0.12,
2670200615, 112214, 070418,   75.2,   0.04,
2680200615, 121714, 102143,   75.5,   0.07,
2690200322, 022415, 233831,   75.5,   0.04,
2690200615, 022515, 072641,   74.8,   0.06,
2700200323, 033015, 022732,   73.3,   0.12,
2700200615, 033015, 124936,   74.8,   0.10,
2710200322, 042115, 224804,   70.2,   0.09,
2710200615, 042215, 081840,   75.2,   0.08,
2720200715, 052415, 070426,   75.1,   0.11,
2730200715, 062015, 071607,   74.7,   0.08,
2740200421, 071915, 215330,   70.5,   0.07,
2740200715, 072015, 065822,   75.7,   0.06,
2750200321, 081215, 221251,   78.4,   0.04,
2750200615, 081315, 070006,   75.3,   0.03,
2770200322, 101315, 220623,   74.3,   0.07,
2770200615, 101415, 064556,   75.1,   0.04,
2780200222, 111315, 224753,   70.8,   0.06,
2780200515, 111415, 071153,   74.9,   0.05,
2790200615, 120915, 065708,   74.6,   0.03,
2800200322, 011216, 215507,   75.1,   0.04,
2850200322, 071116, 221929,   79.4,   0.09,
2890200223, 012417, 002437,   79.8,   0.06,
2890200515, 012417, 082706,   73.8,   0.08,
2900200515, 022317, 101942,   75.2,   0.07,
2910200715, 032917, 113551,   75.3,   0.05,
2920200615, 042617, 071606,   75.9,   0.08,
2930200322, 052317, 224457,   74.8,   0.02,
2930200615, 052417, 074716,   74.7,   0.05,
2940200615, 062117, 075057,   75.3,   0.06,
2950200322, 080817, 222608,   74.5,   0.02,
2950200615, 080917, 065646,   75.0,   0.03,
2960200515, 100717, 073057,   76.3,   0.05,
2970200322, 110817, 220346,   74.4,   0.05,
2970200615, 110917, 070923,   75.1,   0.05,
2980200615, 121317, 071240,   74.4,   0.05,
3010200222, 041818, 024741,   75.5,   0.04,
3040200323, 072418, 222111,   72.2,   0.04,
3060200321, 101318, 002022,   70.0,   0.03,
3070200323, 111618, 233453,   76.1,   0.09,
3090200614, 011619, 081807,   73.5,   0.02,
3100200315, 022019, 084202,   75.3,   0.07,
3110200615, 050319, 072417,   74.9,   0.06,
3120200320, 061119, 232419,   79.9,   0.06,
3120200615, 061219, 072455,   75.4,   0.07,
3130200422, 070219, 015936,   79.1,   0.11,
3130200615, 070219, 070846,   74.2,   0.08,
3140200615, 080319, 071020,   75.6,   0.09,
3150200321, 090419, 215446,   75.1,   0.05,
3150200615, 090519, 071701,   73.9,   0.04,
3160200321, 101819, 001552,   74.2,   0.06,
3160200515, 101819, 065413,   73.9,   0.02,
3170200615, 122019, 072903,   75.4,   0.07,
3180200315, 010820, 055149,   75.0,   0.07,
3190200615, 013120, 095714,   74.7,   0.07,
3200200715, 071620, 070034,   74.4,   0.04,
3210200522, 080820, 221202,   75.2,   0.07,
3210200815, 080920, 065241,   74.2,   0.05,
3220200722, 090320, 222245,   72.1,   0.04,
3220201015, 090420, 071125,   74.5,   0.04,
3230200423, 092720, 222539,   80.0,   0.05,
3230200715, 092820, 065634,   75.0,   0.03,
3240200815, 112020, 072256,   74.9,   0.03,
3250200615, 121920, 070732,   73.3,   0.04,
3260200615, 011321, 065540,   75.3,   0.02,
3270200615, 021721, 070014,   76.4,   0.06,
3280200515, 032421, 071305,   72.8,   0.05,
3290200615, 041421, 065921,   73.7,   0.02,
3300200322, 051621, 221245,   75.8,   0.05,
3300200615, 051721, 065049,   73.4,   0.06,
3310200615, 062321, 065801,   74.6,   0.03,
3320200515, 071721, 070503,   75.6,   0.02,